TIMING:
12.7141029835 3.78580904007
10.7564160824 6.79280805588
11.6742110252 11.1275360584
2.78876709938 1.94205594063
12.8294348717 6.96151208878
14.9517970085 12.4545052052
10.1832039356 5.33631205559
11.0371530056 7.3208258152
2.7940659523 0.112272977829
9.27060079575 0.52126789093
9.80020689964 0.937608003616
2.79804396629 1.93195414543
11.5422441959 2.11873221397
55.8473279476 5.06561088562
2.88017201424 0.0897941589355
10.2738819122 9.2105140686
13.3646869659 10.4553530216
12.6981091499 9.73345994949
14.9178869724 7.95314598083
13.8963670731 13.00345397
13.975050211 10.8613431454
16.6737720966 1.63133811951
15.604195118 5.55433297157
17.8702888489 10.3326020241
16.7226469517 15.2487359047
15.9570147991 9.19867777824
14.9576449394 4.94170284271
15.6431279182 12.8000469208
15.1781949997 7.13447403908
13.3856630325 0.64056801796
13.6212909222 0.780474901199
13.2317028046 1.72556185722
14.1326541901 4.22274804115
11.9761052132 4.15799617767
11.9075100422 0.352504968643
67.0224459171 62.9200248718
74.5757548809 2.40864777565
16.3088719845 13.6162180901
16.4026768208 5.57664489746
5.0781288147 4.33833384514
1.24186182022 0.909170866013
1.65019989014 0.0819571018219
0.781890153885 0.443565130234
3.61323595047 2.553647995
13.9968249798 6.90466403961
12.999972105 2.09319901466
74.7679669857 6.84465789795
12.8622300625 3.80184006691
12.7297029495 8.18143010139
12.3946180344 10.6176681519
13.0282690525 12.8992419243
15.3129498959 14.931730032
72.1545050144 54.382486105
14.3430719376 10.4687669277
14.7403991222 10.4333660603
12.7699890137 10.948166132
12.6758871078 11.4365229607
12.3875768185 11.2205729485
12.5517790318 6.92091202736
13.2718539238 0.66919708252
14.3698949814 6.49476599693
13.6908798218 13.0938789845
15.6152839661 15.4782898426
14.0384252071 11.8829300404
14.0365428925 10.7729051113
2.91539502144 0.480795860291
2.01543498039 1.57856893539
1.24735784531 0.894660949707
3.47266197205 2.46488118172
13.9986610413 5.64668607712
88.1766171455 37.893846035
15.9180779457 5.58077096939
15.2333188057 5.68075299263
15.8868360519 0.946342229843
16.3544659615 3.12906002998
15.2051501274 0.194113969803
14.6621370316 10.1861608028
78.5292150974 18.6757130623
13.5824511051 2.59066796303
69.250056982 24.6605949402
12.0950529575 2.94674491882
11.2069289684 10.4460430145
12.4406449795 5.64388680458
14.0983269215 10.9685468674
13.9542438984 7.96487593651
12.6403810978 4.38585114479
12.0601229668 9.41800498962
13.5426168442 12.1585140228
13.4993150234 8.86513519287
12.6350438595 12.2657780647
11.3754689693 10.7594268322
11.0788030624 10.6313319206
10.9968988895 10.4142329693
1.73203396797 1.58336997032
0.484641075134 0.41786813736
2.6770169735 1.7991437912
9.28789305687 6.52965712547
56.6448581219 21.8027610779
12.2251110077 10.9597351551
12.6186401844 6.27241015434
12.0362420082 2.58576393127
11.767250061 8.78217697144
10.528783083 6.50094413757
11.5639250278 10.3852059841
14.4614520073 8.82483696938
13.3294458389 12.964042902
14.5179569721 12.5197019577
13.4261238575 10.4437830448
13.245568037 5.74401402473
13.3179140091 9.29491615295
12.8319439888 11.3394031525
12.6512060165 8.77749586105
12.0803179741 11.0122668743
11.002229929 10.939273119
11.903316021 10.7906179428
55.8065669537 44.6111829281
12.5739428997 11.083507061
11.8063871861 2.73236703873
11.0025861263 8.78226208687
10.772108078 8.44619512558
10.5607481003 2.64230203629
9.77076101303 8.05643796921
9.1630551815 8.33773207664
0.901631832123 0.394675970078
0.94976401329 0.705595970154
0.455241918564 0.188093900681
2.65392899513 0.0147180557251
7.63086795807 6.29684185982
8.72240114212 1.75348210335
10.3194608688 9.93922996521
13.4827880859 10.2857179642
11.4573848248 9.40415883064
13.1371798515 10.7835419178
12.3261179924 7.20626783371
11.8633379936 0.315499067307
11.7622349262 0.951417922974
12.4663898945 0.0643920898438
14.282531023 3.07255721092
13.5540928841 2.13695383072
12.6437511444 10.1425509453
12.0916559696 2.46648812294
10.7430078983 3.70267605782
10.0665690899 6.58511590958
9.48936510086 4.18120408058
68.3876800537 22.0030632019
11.7589819431 5.5892329216
12.0673279762 3.84429812431
10.3699789047 4.77223682404
47.1843400002 18.4560828209
9.24784708023 5.04330897331
2.76364994049 1.3856511116
3.0585231781 2.22141003609
0.479007005692 0.47377705574
3.07031393051 2.18597984314
12.2927629948 2.20340394974
11.3959169388 1.43571209908
12.0037281513 2.60881996155
13.4624869823 4.02006793022
13.3846030235 8.401004076
15.1416950226 13.3137478828
14.0922739506 4.1592271328
14.7284510136 14.2709732056
16.8100779057 14.7263698578
14.9875559807 8.94805002213
13.8766059875 6.71991109848
13.7646958828 4.13545203209
14.7722318172 10.4742338657
13.841709137 10.6270251274
13.4487638474 5.5917840004
13.3728029728 4.22582292557
64.7733700275 47.8423631191
13.875702858 11.9820239544
12.3487479687 10.5151789188
59.8714411259 57.5520660877
13.0199370384 4.39933514595
13.1154661179 10.0336070061
12.3822538853 9.97432208061
12.8188269138 5.80289983749
11.9143970013 9.20789003372
12.167979002 10.7198040485
9.86377000809 3.86078810692
11.3973720074 5.42915987968
0.784198045731 0.399605035782
0.757311820984 0.0235178470612
0.46753692627 0.182471990585
3.34428787231 0.0278308391571
8.58331298828 6.99559998512
47.5406200886 34.1006979942
12.2520768642 10.6537189484
10.3241131306 1.00606703758
10.2132639885 1.37186288834
11.8438358307 1.35228300095
11.756403923 1.03614091873
10.682156086 5.03019714355
10.1140799522 4.94562315941
13.3931210041 7.22176384926
12.3842711449 11.3454971313
14.3368690014 11.780189991
13.6480238438 11.497246027
16.1279160976 13.835296154
13.0750520229 10.2442910671
13.423500061 3.4227540493
13.719671011 4.60892701149
16.1339519024 4.30855703354
11.7590699196 2.70529603958
9.52984809875 0.0307910442352
9.10143303871 2.38245391846
9.91267490387 3.68996286392
10.4895319939 10.1529660225
10.7327930927 2.40945196152
11.9635949135 8.06078410149
12.8383340836 4.46786904335
10.834980011 10.5756449699
13.5535960197 7.3886039257
12.4892830849 11.3907110691
11.4317829609 10.3932719231
12.2209999561 7.80949401855
11.5511000156 1.8874001503
16.5033888817 13.7238140106
15.1975209713 13.0697369576
11.6309249401 3.49397706985
54.8228831291 41.894682169
9.73398399353 3.59397101402
8.77056503296 8.76981210709
2.72686100006 1.64930915833
1.41457700729 0.733910083771
1.40235900879 0.0891280174255
0.761220932007 0.513765096664
1.01840400696 0.783107042313
0.589114904404 0.231745958328
0.889727115631 0.411619186401
2.76732778549 0.332921981812
13.2718279362 7.44813084602
59.9626290798 28.1690611839
9.3958439827 6.03780794144
10.8163511753 10.6498839855
12.8185949326 10.9909698963
12.4687879086 1.17758393288
13.823818922 9.68426704407
15.4716360569 4.25118088722
14.8022861481 7.91596007347
15.7579901218 5.91072010994
18.9922969341 0.164510965347
20.9908390045 12.4830188751
19.7787380219 1.40970897675
19.0881710052 8.14548897743
92.1079239845 60.6323940754
18.3190419674 3.41433501244
17.8161709309 7.07457590103
15.1985499859 10.4546558857
15.1032938957 11.2238638401
16.4311008453 1.52757883072
16.7335810661 16.4823799133
14.1335978508 1.12240600586
4.29587197304 0.768588066101
3.85364508629 3.14932107925
1.11695504189 0.840507030487
1.08447694778 0.198580980301
0.516988039017 0.0788230895996
3.31298804283 2.31196022034
12.3389770985 2.12642192841
15.2909948826 8.38986086845
97.6953878403 79.1039659977
18.1062238216 6.02620601654
98.2155439854 48.8212299347
17.8126199245 3.15753507614
16.609817028 9.45410299301
16.8343470097 10.9710299969
15.3690080643 2.35409712791
15.1385641098 12.7154860497
13.8921890259 4.88644695282
14.0204660892 4.18126797676
12.3865048885 8.40816807747
14.0193760395 8.34376811981
12.1770701408 10.1453371048
15.0456950665 14.4386410713
16.150386095 15.504196167
14.3966419697 11.8926780224
13.7238049507 10.4217429161
15.2790122032 13.2930691242
13.8297879696 7.70331692696
13.5427658558 2.5579199791
1.27519607544 0.963344097137
2.23680710793 1.45380401611
0.595808982849 0.396425008774
3.40132188797 0.0169479846954
9.70103597641 0.637904882431
8.60377502441 7.9494330883
14.1002810001 0.272280931473
13.9486410618 7.42066287994
13.0705280304 0.472952842712
12.9893891811 8.4344830513
12.8750348091 10.6555337906
14.019780159 6.61225795746
13.5589370728 12.3305020332
13.6761059761 11.0129070282
14.6544940472 11.9866158962
73.6058020592 69.3006780148
13.3803479671 11.3692979813
12.8491859436 6.83173298836
13.2074298859 2.44022202492
58.8435389996 15.136731863
13.0788080692 0.529996156693
14.1185381413 2.75971603394
13.6536958218 7.99774098396
13.4906718731 1.70905780792
16.5277249813 11.347878933
12.432872057 1.75238013268
1.85171508789 0.780553102493
0.506484985352 0.46190404892
2.98904299736 0.0358741283417
9.53932499886 6.89178204536
8.11288690567 7.28564691544
9.60962414742 4.65688800812
10.0425629616 8.69398784637
64.7768168449 19.0627508163
16.0217368603 13.1542987823
17.6346609592 8.48666405678
17.3516190052 3.74643707275
17.334403038 14.9415900707
16.7193968296 14.1875829697
18.5290668011 6.40690088272
15.2595450878 2.72272992134
14.3282129765 11.4945259094
74.7042469978 41.6182019711
13.5922539234 12.1516039371
12.8518960476 9.25056290627
11.91229105 10.4206540585
11.4121789932 6.46421599388
10.3369140625 3.22207689285
9.31210422516 0.276688098907
10.5714271069 0.379290103912
10.7423670292 2.56380200386
10.5773010254 7.07731509209
11.156332016 3.52914404869
10.5418641567 2.31654596329
1.17090201378 0.214409828186
1.12483787537 0.263660907745
0.467670202255 0.205684185028
2.96930098534 1.98786997795
10.1814880371 6.05366110802
12.7886469364 4.10038685799
10.8798601627 0.273715019226
9.78363204002 9.30959010124
14.5816130638 12.2530801296
16.8786859512 15.4835000038
87.2371490002 84.8170559406
17.3185050488 15.8025450706
16.6983809471 8.42248988152
19.490913868 7.02569699287
87.9336810112 61.3216710091
15.6390089989 12.2487068176
16.5217680931 6.67144298553
13.6076478958 11.6165838242
14.2716748714 12.9646749496
15.1208770275 14.4813549519
13.9688677788 13.8312978745
13.964140892 12.9513750076
13.4850649834 10.2462031841
12.703318119 7.69093799591
11.5296869278 6.1926920414
11.0350658894 9.37121796608
11.1649940014 6.65426015854
13.5765550137 12.7172021866
1.34069681168 1.3181078434
1.71467208862 1.0128891468
0.961709976196 0.922945976257
0.828113079071 0.113909006119
0.60893201828 0.595865011215
3.61372613907 0.218131065369
14.3279778957 13.1312949657
12.7490670681 10.4827260971
15.3152108192 15.0659189224
18.1837620735 15.884073019
15.2861838341 14.6235389709
15.9200930595 11.5797801018
16.7767350674 9.0064971447
16.2973489761 12.1115050316
17.6020200253 9.04026913643
16.8978600502 13.1675109863
15.4851410389 11.0203561783
15.5076060295 0.316583871841
14.5213148594 0.364207983017
84.1174910069 83.0624039173
16.4111149311 11.3889479637
15.7448301315 2.6825170517
14.9740319252 4.23720908165
14.6439669132 0.542412042618
14.7636220455 4.95195698738
69.5366251469 13.5584089756
14.3247230053 3.55844497681
79.0407841206 73.5331130028
14.8036999702 10.7782049179
1.48904395103 1.15542411804
1.55274295807 1.09820580482
0.837102890015 0.481673955917
0.566174030304 0.199812173843
21.5620508194 2.66201782227
82.3592061996 45.7561531067
11.689786911 2.77820205688
13.8436710835 2.46437597275
15.5890538692 2.84171891212
16.0168750286 7.40165710449
16.9904329777 7.72247099876
15.3484699726 13.6662709713
15.3110408783 12.5048549175
18.982656002 17.8311290741
14.4183540344 3.64974498749
13.7674310207 11.8346159458
15.4405760765 7.77022504807
18.4363088608 8.78857207298
15.5994701385 10.4352509975
13.8641140461 8.00838208199
13.8554480076 9.65875291824
13.3300120831 9.30541110039
15.0222661495 4.43314814568
11.9068350792 11.193100214
13.4975240231 12.8916490078
10.5063848495 2.59829592705
10.3519430161 10.0583841801
1.74731397629 1.22322297096
1.18477201462 0.528444051743
0.676239013672 0.121678113937
0.656727075577 0.265779972076
0.456815958023 0.068176984787
2.66523790359 0.0677809715271
9.4383649826 6.37576198578
9.52406287193 5.10473895073
10.3129000664 1.85099816322
13.6476509571 1.84327602386
14.8297171593 3.51780819893
69.5280628204 54.4602658749
77.2726068497 60.153701067
18.3660030365 15.1988341808
15.0733668804 4.55167889595
15.5646908283 5.81457591057
15.2513039112 12.3875620365
16.2688250542 4.44652295113
15.2657599449 10.8480429649
15.4164521694 14.3649909496
13.860366106 13.363863945
14.5063540936 9.62168002129
14.0477499962 3.43052101135
13.8678319454 2.75169301033
13.8074719906 4.72625088692
13.6999490261 12.9373831749
13.8707439899 12.277654171
13.5815989971 10.8120789528
12.8535158634 12.106128931
14.0325438976 4.47004103661
12.2385449409 11.4813599586
1.28605008125 0.196896076202
1.75112819672 0.937588214874
0.478613853455 0.185823917389
2.80848503113 1.91634893417
12.0546910763 7.66167807579
70.2733340263 51.4998309612
12.8600718975 9.85350394249
20.7953071594 8.64547109604
2.8828690052 0.186499118805
9.51846504211 6.6626739502
65.0539810658 10.4648990631
16.0951869488 15.7258660793
18.2159910202 6.37327289581
16.9596049786 14.1463780403
17.7458539009 15.7354948521
18.3926079273 15.3047709465
18.2028348446 5.32347202301
19.9169869423 19.5402979851
20.6183650494 10.2029931545
21.0615119934 10.9248549938
102.588844776 29.0090589523
17.1193010807 4.29206299782
15.8193030357 5.82741713524
15.3338849545 9.68746781349
15.4507629871 14.2618989944
14.1657071114 0.132018089294
14.2283940315 9.10581111908
14.6707730293 9.67344808578
13.4799201488 7.6797041893
12.1688351631 9.6848461628
1.15875291824 0.868477106094
0.828690052032 0.0171449184418
0.558783054352 0.360203027725
2.83782601357 0.0956029891968
10.0878751278 8.45877313614
13.5778548717 10.9956700802
15.0592567921 13.3673408031
15.1747539043 10.9570589066
17.9073190689 1.46277594566
15.5015289783 13.6737070084
14.4468841553 13.993981123
76.0863440037 64.8699419498
91.3248960972 47.3425409794
14.7072639465 10.6118369102
15.1806828976 9.03450798988
13.6013400555 3.37581896782
13.6120610237 10.4480609894
12.9626848698 1.89157700539
12.7271401882 0.887084007263
13.6883778572 1.28121185303
13.4962389469 0.447134971619
13.5805609226 10.248071909
14.316423893 13.387928009
14.4657249451 5.85560894012
13.4237730503 3.82735800743
13.5139410496 1.53326010704
13.1140379906 2.27752399445
12.1426391602 1.88793301582
3.57076907158 3.4660551548
2.72977900505 1.84271097183
9.41607499123 5.53791213036
11.6999330521 0.125292062759
66.8096141815 22.2334840298
11.5358550549 9.53186702728
15.3427979946 4.13278889656
14.8022840023 13.4493861198
16.109236002 4.71479105949
80.3462259769 12.4142229557
14.5869169235 13.6576049328
15.3075869083 3.28037190437
14.4918317795 11.8523769379
14.7958118916 0.775187969208
15.0313229561 12.0375349522
16.0478289127 15.3616600037
15.6775460243 14.0709741116
15.044093132 10.6266980171
15.3147468567 13.9178819656
14.5826370716 12.8969740868
17.6315050125 1.12252783775
16.9532380104 3.45386505127
13.1225678921 10.6286258698
12.4903409481 1.20922708511
12.0383269787 3.74362111092
11.1597762108 10.7516231537
17.1744191647 0.661197185516
10.5840289593 6.75161504745
11.3565528393 8.16075992584
11.741697073 7.02771401405
11.3557181358 7.76499915123
11.6411969662 8.07388997078
11.7816100121 10.7642309666
13.0761709213 11.6295659542
12.4062490463 5.55776405334
13.3386850357 6.94398593903
15.7363929749 4.16087293625
14.4515299797 4.65422391891
16.4926729202 3.67291283607
15.9576580524 2.6909070015
14.8603131771 14.2014641762
14.0505340099 8.3617181778
13.1303598881 4.68501806259
17.4143309593 4.77804207802
66.7382497787 29.8402998447
12.600456953 5.528621912
12.2199020386 6.86523294449
11.1282188892 6.32444596291
11.1636610031 9.10761213303
10.0223500729 8.94194698334
3.32983613014 0.500361204147
1.86306500435 1.6393840313
0.951184034348 0.936414003372
1.38579297066 0.137047052383
0.622719049454 0.591301202774
19.2095060349 15.9892599583
11.594438076 0.0803151130676
8.89729118347 0.341867208481
9.2675139904 1.71965909004
8.9710650444 3.65645694733
9.07611703873 0.825881004333
9.28172802925 6.25265192986
14.7739899158 2.34492206573
14.3141188622 13.1100599766
12.1636519432 4.18109798431
13.3153028488 9.81153392792
11.0276379585 8.52555894852
9.50579810143 8.8090929985
9.92422890663 9.17063999176
8.43561196327 5.93985295296
11.4744911194 11.0399641991
11.2152788639 6.74905991554
10.687073946 0.501392126083
10.2826211452 6.60649299622
49.9115581512 42.5155191422
10.7135269642 7.98157596588
10.5599899292 5.61495399475
3.21763491631 2.92123198509
1.17404413223 0.881842136383
0.892272949219 0.35346198082
0.494154930115 0.213723897934
3.12435412407 0.0489110946655
54.864672184 51.6004869938
14.1309940815 3.05369114876
17.5770428181 5.00148797035
19.2986130714 17.8542370796
19.9766249657 17.3085610867
19.2916278839 7.68180394173
17.7813899517 16.5782680511
15.5002119541 5.21986794472
16.9176139832 0.969840049744
15.3087630272 2.4625658989
15.413161993 7.4903409481
16.243735075 8.86009597778
13.2941789627 1.9676361084
12.4780797958 0.915349006653
13.1839330196 1.79554486275
14.0039081573 0.343907117844
12.2303869724 3.98986101151
10.9155519009 8.57756996155
11.5683071613 11.329898119
61.2675960064 16.7600240707
11.9515249729 1.70204281807
11.0189099312 4.6909430027
10.8366560936 0.821386098862
1.92118382454 0.857116937637
1.19103598595 0.104042053223
0.921113014221 0.484380960464
0.943193912506 0.533885955811
0.763107061386 0.382527112961
0.821026086807 0.63557600975
0.443089962006 0.124320030212
17.6660161018 2.1665930748
11.5069930553 8.06488394737
74.1585650444 61.7098560333
14.2264080048 2.6100590229
17.9493689537 17.0711910725
2.66863203049 0.0487229824066
7.82253694534 6.65702390671
8.76509594917 6.71415996552
8.47153401375 6.55038905144
10.110172987 8.34085798264
9.38023376465 7.79502177238
10.7183828354 8.01846790314
10.3742761612 7.34865808487
11.6518611908 1.55648112297
13.0689480305 0.103842973709
13.0559489727 3.42006206512
15.5339550972 2.42878699303
90.1354980469 30.2887670994
17.6541960239 8.58561205864
19.2053971291 17.4314780235
21.1026880741 19.3849079609
18.389829874 10.7570409775
83.9643888474 5.2388818264
16.5518240929 14.004832983
13.9319369793 11.6862630844
13.9980349541 11.8694519997
13.7308402061 1.99104404449
13.1400780678 3.98979306221
2.02770209312 0.80239200592
1.23041415215 0.997891187668
0.886857032776 0.683315992355
3.3934109211 2.30728077888
13.4260160923 1.83269309998
84.373529911 13.6444568634
14.03971982 2.06542181969
13.4421870708 5.09101200104
14.9240789413 9.25893807411
15.543697834 6.96667695045
15.4475140572 0.710396051407
85.3662719727 22.036012888
15.7589828968 4.46897006035
15.886537075 14.4365501404
16.6416151524 14.4705221653
17.2112579346 10.0978219509
18.6682701111 13.4816451073
20.0682418346 3.90179896355
22.6096978188 19.4118409157
21.1409440041 17.0378298759
25.01009202 17.1232800484
19.2172911167 15.9192290306
15.8533699512 12.0707609653
14.811606884 7.80280590057
12.5746610165 9.34116196632
12.3206729889 10.4817111492
12.4360010624 12.3427040577
4.01092720032 3.95373606682
0.742229223251 0.661688089371
1.03071689606 0.041580915451
0.515063047409 0.394898891449
17.8151550293 2.12773609161
11.957059145 2.95428299904
13.8963828087 1.8910369873
14.4596669674 8.78623008728
13.9070141315 10.1144721508
13.6117560863 0.847030878067
15.8322951794 13.6749110222
14.7589790821 9.10257387161
13.1943221092 10.9387710094
13.9685668945 13.9308168888
14.9936449528 14.0482859612
14.5823509693 2.7530400753
13.9331660271 9.56293606758
13.4007952213 1.2582449913
73.3977470398 61.8111200333
15.0542781353 12.2603881359
18.0608580112 14.4214739799
16.9901330471 13.693269968
7.54354000092 0.527667045593
3.15403079987 0.059494972229
9.36075305939 2.82720017433
9.54387617111 2.26643919945
12.8577449322 9.44937300682
13.8600108624 6.2136900425
13.7476608753 8.24501085281
14.5411839485 6.7512140274
14.2798030376 6.32166719437
13.6449141502 12.0268530846
14.0824210644 9.9436621666
12.2935340405 2.94353699684
12.7458488941 5.77385783195
66.9169249535 48.3325819969
14.1047201157 13.5420122147
15.7829179764 11.2609610558
16.1141760349 14.8892409801
15.0366771221 5.54631710052
14.7273089886 8.9081261158
13.5652470589 8.1460609436
13.3854680061 2.52901291847
13.0390231609 4.52544307709
12.4388949871 2.02327394485
51.7202091217 41.1803081036
11.1736960411 6.77069997787
3.3517229557 0.255457878113
1.84017014503 0.421782970428
2.87179899216 0.0169801712036
49.425369978 29.0041768551
15.04449296 9.20940613747
89.0109629631 62.3012449741
16.4228448868 6.75768899918
18.8216080666 4.05750107765
18.4285261631 14.2832920551
18.7282149792 14.2417559624
17.206964016 10.2700259686
16.2856869698 5.84932899475
15.8055999279 0.437835931778
15.3635909557 2.27004599571
15.1063108444 11.4730899334
14.3428509235 12.4336869717
15.5677831173 14.981180191
16.5343499184 2.03740596771
15.3082871437 13.206163168
14.7853310108 5.08827900887
13.7971811295 10.3739819527
12.9807920456 10.2546229362
11.6086399555 9.78171896935
10.5728759766 1.6530020237
1.73945879936 1.22567200661
3.00654602051 2.4510409832
0.892481088638 0.245413064957
1.25960206985 0.949674129486
0.629973888397 0.500124931335
0.904834032059 0.666913986206
3.21959590912 2.20605182648
11.1193189621 5.05296611786
14.4770300388 4.94413495064
13.0256249905 11.7394089699
18.444986105 15.7907161713
19.712157011 10.2656810284
200.039795876 149.303824902
16.3555140495 12.0870718956
18.3212599754 16.7648398876
17.3142161369 12.7674880028
17.9475800991 16.6480050087
17.2345449924 11.7131700516
19.9221770763 14.6435320377
16.279433012 14.2191150188
22.0805709362 21.4056401253
18.7920310497 9.11010622978
17.8395700455 5.88287091255
17.3386931419 16.0631871223
17.7630610466 8.84693408012
16.3569350243 2.27711105347
14.0454292297 3.97551608086
13.6305799484 12.8881940842
13.6928021908 4.19718408585
15.9539420605 5.38250303268
3.26081418991 3.12630105019
13.3076441288 7.47255301476
13.7237238884 6.30991387367
11.9326190948 6.74353408813
11.7828128338 4.33181095123
12.2727410793 4.22226905823
12.1658420563 0.472132921219
12.0879001617 2.15149307251
11.8151009083 8.12489008904
12.2458770275 3.90793609619
12.4264760017 8.230052948
16.1227810383 11.7554249763
14.5708839893 11.9559631348
15.900592804 12.8187658787
14.613683939 12.5719928741
17.0496940613 4.39884305
14.4973189831 6.33633589745
72.8084161282 68.1479260921
12.783495903 12.5001828671
58.2383198738 34.9508230686
11.0218689442 7.02569890022
51.1132318974 39.4601488113
9.13830113411 6.07289814949
2.91907215118 2.00185513496
1.49089193344 0.716381788254
1.03684806824 0.881090164185
0.59344792366 0.363628864288
0.601899147034 0.517134189606
2.6203520298 0.0366010665894
8.41971683502 2.76484298706
9.51945900917 1.1630051136
8.46826100349 3.53491091728
10.7324521542 1.83067512512
10.7109928131 2.8846578598
11.7042920589 5.79318904877
11.889138937 5.1597340107
13.9395189285 8.11849188805
14.2628319263 8.11518907547
76.6212518215 51.2164700031
15.3407549858 3.47608399391
15.1951420307 14.6760571003
14.4555571079 14.127671957
14.192376852 11.8722310066
14.6737251282 9.17186713219
71.9332828522 42.2048459053
12.6411170959 8.77842593193
11.2530591488 5.73495006561
11.3234438896 10.9436950684
12.3584320545 3.07692098618
12.4302949905 12.1762251854
12.2378098965 12.0665400028
10.9894280434 5.91518211365
1.22546291351 1.0581009388
1.63464784622 0.856784820557
0.879605054855 0.504211902618
0.861145973206 0.164897918701
0.661711215973 0.599110126495
0.668130874634 0.605722904205
0.445006132126 0.421904087067
2.55319499969 0.00607490539551
6.56367993355 5.50871610641
51.8849461079 46.5182240009
11.4706709385 2.08103203773
11.2354462147 2.35043120384
67.7529480457 52.3296909332
13.7094569206 12.6763868332
14.4077401161 2.80083918571
14.089411974 1.96448111534
13.8335139751 1.84353089333
13.1407380104 8.71654701233
13.6979389191 12.3155939579
14.0978310108 13.4043500423
13.4297039509 9.92574191093
14.2868199348 9.59896492958
14.6293101311 9.77842712402
14.0826838017 13.2138419151
14.7831139565 14.7591650486
14.2398850918 14.2156279087
13.9363791943 12.5483031273
12.9437668324 10.4206118584
12.3363480568 4.97951388359
10.9841878414 4.72357201576
11.2120859623 8.32086706161
10.7517371178 5.68616819382
0.888497114182 0.427225112915
2.71244502068 0.074639081955
54.6809241772 2.58488798141
8.45843911171 6.76691603661
12.2053751945 7.95014405251
10.9728860855 5.36722588539
14.1422679424 4.68521690369
14.8173599243 12.3493130207
78.780974865 72.4444417953
14.112101078 1.24637007713
13.5881719589 4.60956501961
12.7665879726 7.39851498604
11.9649679661 4.13123607635
11.397372961 2.00450897217
11.6331450939 3.44196891785
11.4354259968 3.8046848774
11.4243581295 0.631829023361
10.1034498215 8.72437882423
10.6854588985 8.63657903671
10.4778430462 7.55597996712
11.1691629887 3.34878587723
11.4486980438 1.36528921127
11.4967141151 4.08678102493
10.6311750412 10.0291590691
11.1479849815 10.2728919983
11.6264019012 9.99385595322
3.15869903564 0.600847005844
0.85164308548 0.125318050385
1.56260490417 0.647954940796
0.620015144348 0.153110980988
0.622309207916 0.487515211105
0.415591955185 0.261960029602
2.59368085861 0.0157759189606
7.33286595345 2.12293291092
6.47242116928 5.61265802383
44.3242669106 17.9140758514
10.9662680626 9.31929206848
13.188794136 11.3962950706
12.8120880127 1.76275396347
12.8804838657 1.32481384277
14.4368569851 0.724784851074
70.3144040108 46.0111048222
13.870759964 1.17552113533
15.9712319374 2.29135704041
15.5600578785 3.7201590538
14.6582350731 6.61370110512
14.1789529324 13.5160648823
16.6698310375 3.63793206215
16.7955858707 15.3079910278
15.8326449394 10.3983800411
15.458081007 9.1399679184
13.6181149483 0.701750040054
13.2840871811 13.1105470657
12.6541068554 10.5061089993
0.709399938583 0.0275549888611
2.58693194389 0.025652885437
8.32665085793 7.60315585136
13.0249118805 7.95544791222
15.9293041229 7.64930605888
16.101585865 15.2921378613
14.8017971516 2.97851705551
19.5381970406 12.5750310421
18.9565970898 7.10170912743
16.8943018913 3.4871840477
91.9844579697 28.8002400398
16.2950601578 2.91175317764
84.3244800568 18.9569370747
16.3501060009 13.8305180073
15.4487700462 14.5855650902
72.9637930393 17.1549720764
13.8592970371 11.1006908417
13.824534893 6.69985890388
13.3580191135 6.36486911774
12.6070640087 7.15673995018
12.7273840904 3.73300695419
11.6897439957 3.92517185211
10.8047749996 6.52417206764
10.2058558464 6.19554305077
1.20702600479 0.904937982559
1.12385201454 0.620650053024
0.650757789612 0.409490823746
0.44486284256 0.335959911346
2.61464118958 0.0772759914398
9.3889298439 9.06586480141
12.3113801479 5.59193110466
13.3564310074 12.7105100155
12.8312449455 5.95184016228
12.5861828327 4.78840994835
12.7567219734 6.25128793716
13.5127689838 12.2281460762
72.1885130405 15.9188129902
12.9731168747 4.82830691338
67.4618821144 16.9754440784
11.3679490089 0.753249883652
11.4702138901 4.1027739048
11.6860852242 4.50047707558
10.215692997 3.82433700562
11.9720859528 3.36388897896
12.7737989426 2.36196780205
11.8011770248 10.3003559113
68.2087202072 59.2276780605
14.971736908 10.4658207893
13.0558738708 12.1859679222
12.7900109291 0.964492082596
12.5450429916 3.07491493225
12.7875349522 0.794562101364
12.1409599781 2.79163885117
3.48529195786 3.23502707481
1.28240513802 1.27676296234
1.28383398056 0.645817041397
0.704440116882 0.345888137817
2.65071797371 0.156018972397
10.2814779282 9.91582894325
72.7288758755 60.3958969116
13.449901104 2.08618807793
14.850383997 14.1909251213
12.5864441395 4.17445802689
12.5676550865 5.32257795334
12.6023468971 3.91279578209
12.1820049286 1.29858803749
14.3734500408 4.43334388733
13.3053469658 0.6687271595
12.6500201225 5.04349899292
61.9753360748 10.8847310543
11.67907691 8.24397587776
12.9895911217 0.88373208046
12.2189080715 9.31491708755
11.0721950531 2.26977801323
10.8639521599 4.09181904793
9.60873699188 1.25012493134
9.84436917305 1.73576617241
9.50945305824 6.064027071
9.5875749588 8.82798814774
8.81474590302 1.24910902977
9.12543416023 5.67237114906
10.3303310871 3.1528339386
9.42136096954 2.95296597481
3.01423883438 1.77518677711
0.96494102478 0.591726064682
0.478996992111 0.100490093231
2.60593795776 1.8504049778
59.2202188969 24.0592958927
13.3334717751 5.1189789772
13.816808939 9.08523797989
13.5098421574 6.6679251194
75.0900359154 30.1171638966
14.4277639389 5.92868494987
13.9518711567 12.078453064
17.4540410042 1.07003903389
17.3419599533 12.2119588852
16.5218119621 14.0152490139
14.8698019981 3.67798995972
14.7766981125 8.14698410034
16.0488770008 9.35781478882
15.257379055 0.409115076065
15.1185019016 1.42272090912
14.6177461147 3.38892602921
14.217154026 0.107909202576
13.314234972 0.520690917969
13.3740491867 7.03924012184
12.8013410568 8.82577610016
12.2338020802 10.1464672089
10.8536999226 10.0898149014
10.0577120781 0.562274932861
9.04487490654 7.38158583641
1.56341505051 0.585663080215
1.47092914581 1.25960803032
0.805598020554 0.159554004669
0.808960914612 0.64195895195
0.629855871201 0.497400045395
0.626642942429 0.280658006668
0.414005994797 0.40945982933
2.67624187469 1.91760396957
10.273100853 4.81108379364
9.19854903221 6.90693283081
12.8880488873 10.3847389221
13.787856102 4.54656195641
13.437928915 13.0807108879
14.430863142 4.95869517326
14.2572278976 12.2954258919
72.0932281017 25.9178321362
72.2536571026 0.747339010239
73.8904409409 8.76271009445
16.2931160927 1.56476402283
15.6253519058 11.934951067
15.5582239628 6.50199007988
15.7777810097 11.7719419003
16.4236581326 8.40087914467
14.5101020336 1.72804713249
13.9821908474 7.89323687553
13.2053389549 10.7863268852
12.3975582123 11.2835991383
12.3053178787 2.21932387352
11.9088449478 10.4905030727
3.35619997978 1.97049188614
1.76147389412 0.127506971359
0.949579000473 0.572827100754
1.17906117439 1.04685711861
0.472912073135 0.111685991287
16.5744290352 0.345273017883
9.25436282158 7.1745967865
11.7126920223 0.399307012558
11.9620440006 1.17239904404
14.011551857 0.964596033096
15.5970950127 5.57853293419
16.4423599243 4.96134901047
16.6264219284 4.18287801743
16.0189509392 14.3575048447
15.2190480232 2.19612622261
15.005439043 7.19573903084
14.3589689732 6.40820407867
14.5479381084 8.95967698097
13.9423398972 11.5988540649
14.1991639137 3.69505596161
14.0591130257 7.07753682137
59.638614893 14.0484879017
10.9028520584 10.5141310692
11.709717989 9.6705789566
11.637045145 1.90070414543
10.2710561752 9.6114821434
10.2385568619 9.61369299889
0.728327035904 0.579829931259
1.32902598381 0.341742992401
0.455849885941 0.153102874756
2.66418504715 0.0349080562592
8.33505988121 7.76375794411
12.8189601898 8.95447206497
11.8491809368 10.5496339798
13.0185899734 11.0171830654
13.6981070042 11.9764039516
14.1029341221 6.09051799774
14.4995698929 10.243270874
89.1506369114 86.5856199265
16.8474071026 6.10985898972
17.6443519592 8.01848506927
88.8262400627 19.1933710575
17.2873549461 9.44099998474
17.0319590569 0.765948057175
16.603689909 2.34258913994
17.0780589581 11.3021588326
15.5159819126 1.71667385101
14.9818468094 5.30419588089
12.842509985 7.7166030407
12.0008249283 9.67348098755
11.7439630032 5.9962849617
10.2180850506 5.22960710526
9.9757039547 9.19312000275
9.9714949131 7.8692138195
1.26869297028 1.09315800667
1.68738389015 0.717962026596
0.71026802063 0.459372997284
0.720506906509 0.708367824554
0.501725196838 0.108600139618
2.59337496758 0.0152859687805
7.4685781002 0.462859153748
7.12385296822 6.54821896553
9.51869392395 7.37424993515
11.5373020172 10.5564169884
75.1622889042 44.3444068432
13.5702731609 8.40982198715
13.2382409573 10.6303949356
13.6646449566 8.32685399055
13.5770759583 0.107388019562
12.7760159969 7.07361698151
13.3223540783 5.22920393944
13.4599637985 6.3921148777
12.7630369663 4.65706801414
12.6286730766 2.30269217491
63.6568808556 24.589512825
11.7382349968 5.35310697556
10.5786161423 4.94762992859
9.78410291672 1.08505892754
10.1401929855 8.89595913887
10.429407835 8.80891394615
9.87247514725 3.97117400169
9.69338107109 1.2600748539
8.80552196503 7.2939260006
7.89578199387 5.66975402832
1.00864577293 0.343327999115
0.793585062027 0.693682909012
0.654491186142 0.647467136383
2.60063481331 0.0627789497375
53.8303830624 12.499350071
14.8700540066 5.55384397507
17.7897849083 16.2697389126
18.6105020046 16.9001438618
18.8835191727 6.82885694504
91.8995010853 74.0875701904
16.9855370522 12.2725121975
17.8407459259 0.744467973709
18.0903868675 8.12964582443
17.1199660301 6.48387312889
17.1182601452 4.39373898506
16.5959780216 15.4119830132
17.3938789368 14.3781530857
16.7537550926 5.0339550972
16.006513834 0.585713863373
15.3244409561 8.32937812805
13.9322571754 5.76481103897
12.8692901134 4.8502099514
12.6842978001 7.89204287529
11.3602468967 7.87347698212
10.8191468716 1.93281292915
9.96663618088 8.80003619194
1.63092398643 1.36411595345
1.16141009331 1.02295994759
0.910037994385 0.835704088211
0.652177810669 0.335932016373
2.63701701164 0.0794651508331
9.24682688713 6.51831793785
11.4917330742 2.81180596352
16.0417170525 6.88067793846
15.1635890007 4.45081686974
15.8989171982 6.32780218124
15.9573979378 15.0492150784
90.2131860256 83.7280561924
15.4469158649 15.0184628963
15.4052860737 5.25968599319
14.7889270782 13.5808889866
14.8609519005 9.62614393234
14.1334149837 12.3242030144
14.6691830158 5.31570601463
14.780176878 12.4911749363
14.722894907 6.84007883072
69.4472229481 67.3555390835
13.3555350304 12.4692230225
13.5288798809 10.6063840389
14.2563979626 9.97139310837
14.0065791607 0.592071056366
14.6041078568 0.962989807129
13.0299921036 9.04808306694
12.612195015 12.3473269939
11.7500030994 1.55508589745
1.58804702759 1.09474992752
1.08913707733 1.04196095467
0.885515928268 0.266566991806
0.627965211868 0.216416120529
0.619957923889 0.324444055557
2.60887694359 0.0849318504333
9.35377311707 6.65651297569
13.0997750759 11.988008976
15.1871440411 3.57685017586
16.2394030094 1.08072304726
16.0164570808 0.582931041718
15.7151129246 15.5861639977
15.6510760784 2.29883909225
80.2810599804 67.7887001038
13.5971729755 5.61403012276
73.8026850224 67.4396119118
12.6733379364 12.2527570724
12.7130839825 8.68428301811
11.5681781769 10.3451461792
10.9273498058 2.81077694893
58.442483902 10.358684063
11.7931530476 2.84822702408
11.8383698463 6.184060812
12.4323410988 0.377462148666
11.7617270947 1.66280317307
9.99374389648 1.75182294846
9.57199907303 3.20454406738
10.3522531986 5.90478420258
0.955729961395 0.368126869202
2.6285738945 0.0697438716888
9.30472397804 0.479568958282
9.38734602928 0.398428916931
9.73712182045 8.01895403862
11.0092568398 7.101957798
11.1323950291 9.7867770195
11.4142560959 10.1321599483
71.1754488945 50.4325020313
12.8850049973 8.87382793427
13.1322000027 5.65930199623
68.4920418262 31.1070868969
12.4020328522 7.06382799149
13.3925349712 0.524918079376
13.9621710777 11.6334929466
14.6365659237 8.8807759285
15.3890919685 13.10196805
14.6341779232 2.03352499008
14.2155258656 2.19699382782
12.5835990906 3.8728260994
10.8848991394 2.52015519142
10.3505501747 4.5410990715
3.06849193573 0.502460956573
0.871469974518 0.309572935104
1.11097693443 0.398411989212
0.415578842163 0.29767203331
2.62316513062 1.75273013115
9.0800409317 1.17523598671
10.6810159683 7.94820713997
10.5756349564 8.80531597137
10.5673289299 2.07420992851
10.4798939228 0.785396099091
55.8137321472 27.5013329983
11.4056560993 0.730234146118
11.9341139793 4.77845597267
10.7984969616 3.1835899353
68.6706531048 18.9391009808
12.1927161217 10.0964269638
12.0899128914 3.68797206879
11.0877127647 7.94739580154
11.8387858868 9.04269695282
11.2378058434 10.5491249561
12.4235589504 8.93241095543
11.6748850346 10.6481142044
11.7531988621 8.6508128643
11.1388089657 9.33918094635
10.5600728989 7.29730796814
10.2760579586 7.2853140831
10.3375267982 7.10791683197
9.00641179085 8.10555481911
8.60381603241 6.52013897896
1.12056493759 0.555630922318
1.41624212265 1.33969807625
0.410347938538 0.37784910202
2.65431809425 0.0820641517639
9.30828404427 2.55147600174
8.48188519478 6.17406415939
7.90816903114 1.39823102951
8.09850907326 6.49855518341
8.62236309052 7.63322401047
9.78382396698 8.21205592155
10.6298341751 4.26119399071
11.0060100555 10.4629788399
11.5949308872 7.4667840004
11.6240189075 7.87570285797
12.5325520039 10.6149110794
11.0909199715 10.0214529037
11.7844321728 0.349410057068
11.479129076 3.07644414902
10.741850853 3.01944899559
10.2908818722 9.2664039135
9.60344696045 7.90624690056
9.87973189354 4.55611801147
10.8214850426 2.6903450489
51.9911551476 48.8816821575
10.3444190025 5.70097208023
10.2771639824 2.99938583374
9.72317814827 5.11894416809
9.42533683777 4.97152090073
9.70104813576 5.26696205139
1.56028604507 0.761146068573
0.897162914276 0.880702018738
0.464627027512 0.165127038956
2.61970806122 0.0673069953918
9.24422597885 7.24037313461
12.6559591293 9.66753602028
13.86186409 12.9286220074
12.6301481724 1.97532105446
16.4961690903 1.47824001312
16.690737009 3.25645208359
16.1972091198 11.3631691933
15.6003410816 9.20606207848
14.0914349556 12.2562539577
82.549038887 2.34061288834
16.931648016 1.63655996323
85.513422966 21.9614129066
15.5155720711 12.0141270161
14.6766431332 4.13932609558
13.7429699898 5.63253808022
13.2557787895 5.98329782486
12.4079470634 4.91943407059
11.7887918949 3.24014782906
11.7043840885 8.76010799408
11.996309042 10.8307778835
11.5156629086 5.76171898842
3.24477100372 2.93292498589
1.64008903503 0.832482099533
0.897531986237 0.874108076096
0.711194992065 0.469470024109
0.48114490509 0.0671789646149
2.60106682777 0.066309928894
9.23822617531 0.0769622325897
7.78703784943 2.36754393578
56.7236208916 11.5369470119
11.2588880062 9.09848403931
10.0228018761 2.78904294968
9.88440489769 0.79535984993
9.99357914925 9.42401814461
11.1672780514 9.00387907028
11.1501939297 0.530004024506
12.2381429672 3.600274086
13.7296950817 10.2632451057
14.0455060005 0.794404983521
58.6959161758 58.5204601288
13.9326069355 2.95686197281
12.72717309 9.06640195847
12.5562410355 5.54417705536
11.1805808544 5.48334693909
10.7355451584 1.06125807762
10.116505146 6.24252915382
9.83308911324 9.38678193092
9.27052402496 7.40615987778
9.66349482536 4.57985591888
8.98924994469 0.924088001251
8.76526594162 3.60987997055
8.21760082245 5.82484984398
8.59997415543 7.09856414795
8.67260479927 1.41811180115
7.89794492722 4.36222696304
7.05655503273 2.58595895767
7.01061677933 1.50020384789
1.43309116364 0.479007005692
2.55199694633 1.09858584404
2.67893695831 1.88050293922
10.3461408615 6.4613609314
10.979049921 10.6057829857
14.7535030842 3.55826807022
16.6082479954 5.13482809067
17.4305479527 15.5559720993
16.8404128551 6.9287378788
15.6287178993 11.7883050442
14.7585721016 0.507117986679
15.0418961048 4.8049390316
14.7000200748 7.2843079567
71.9003009796 4.76252508163
13.9710361958 12.6877441406
14.1152040958 5.80509400368
12.1720001698 9.70400094986
12.9789750576 2.61159491539
11.7060101032 7.17000508308
9.80982589722 9.46172094345
11.8082971573 3.96583604813
52.6966040134 2.7453379631
10.51836586 6.70159292221
9.63593006134 5.75011515617
0.637223958969 0.0235998630524
0.613229990005 0.170022964478
16.6558480263 1.83195710182
11.2896499634 9.35390400887
13.7148740292 12.1158211231
14.3829920292 11.37571311
12.6932070255 9.19108915329
12.4766638279 8.0629389286
11.884773016 3.70103883743
13.2162959576 4.21815490723
11.8726401329 7.38956904411
10.9062559605 9.69392204285
10.5009918213 9.05825090408
10.190171957 4.32473516464
9.10457396507 1.80185508728
48.4367148876 18.5533468723
9.34702682495 0.89830493927
53.5526218414 37.0468418598
10.0349779129 9.64079904556
62.3706958294 5.80089497566
11.4746239185 10.2526378632
63.7886040211 5.72935605049
13.2542140484 2.73483610153
12.7376019955 7.59516787529
12.3334410191 8.7990219593
12.0711021423 8.58546710014
1.97238898277 1.06001091003
0.761194944382 0.485455036163
0.769035816193 0.328366994858
0.511078119278 0.063511133194
2.62915301323 0.0741910934448
9.27161478996 1.26310396194
10.9332709312 8.40963101387
10.0981998444 9.58196496964
66.4238989353 40.9443469048
11.3898720741 8.56560087204
13.1889359951 9.21365594864
14.1442890167 3.27240395546
14.5486629009 7.88575196266
12.8480341434 4.74363017082
12.3844211102 3.55724406242
11.7893259525 9.35191297531
10.9815490246 7.9335770607
11.6619639397 4.16616201401
11.1413640976 9.64341402054
10.4971530437 9.94666600227
11.1307220459 6.19867110252
12.4358570576 6.96155905724
13.3057339191 9.64651489258
12.3424499035 11.8405380249
12.1155979633 8.95065402985
57.2819271088 10.2958230972
10.6032660007 1.06683301926
10.0325849056 5.42101597786
2.87059903145 0.540570020676
1.20820498466 1.18357205391
0.677659034729 0.176214933395
0.451974153519 0.409635066986
16.1246402264 0.193964004517
9.27055096626 7.68600702286
10.4922301769 9.02071905136
11.8138818741 11.2342629433
11.9841771126 10.2504370213
14.3996119499 2.88301610947
17.7698869705 2.98839783669
18.4542880058 7.47447896004
17.1474471092 15.5143210888
16.6576440334 14.8810880184
81.0692639351 5.34938693047
14.6446480751 13.8821461201
70.146848917 10.5154569149
13.6047530174 3.80593109131
12.8879239559 9.59176301956
13.2468860149 8.60745310783
12.0400629044 9.55410695076
11.9145178795 10.999229908
13.7441468239 8.00264883041
13.24635005 5.84989714622
12.8237609863 5.11391496658
12.0419909954 0.243884086609
12.1547648907 2.58670592308
10.4847588539 1.25222396851
1.70012378693 1.04463481903
0.954982995987 0.405282974243
0.680380105972 0.147976160049
0.716211080551 0.408443927765
0.499272823334 0.0828349590302
2.63201594353 1.85302877426
10.2133991718 5.33427214622
11.2033729553 6.91967082024
11.1973881721 3.16157603264
11.7061619759 4.21238994598
11.584540844 4.88386678696
12.8277189732 9.56089305878
12.706733942 9.469643116
12.5645449162 11.6008179188
14.3978419304 12.8955059052
14.0769088268 11.9825308323
15.321210146 12.3008310795
14.9055731297 13.5021750927
14.1163499355 11.8559670448
13.2306640148 10.5594592094
13.9176969528 7.34705305099
67.5580830574 53.5733270645
12.8547620773 4.0538649559
12.2366678715 2.16173386574
13.1322028637 3.13064098358
11.7733538151 0.996943950653
11.3922820091 2.25437903404
52.9810209274 13.3116309643
1.22966599464 0.628009080887
1.6773788929 0.558763027191
0.45770406723 0.452891111374
2.6307489872 0.143914937973
10.1534769535 8.19068694115
12.8494420052 7.97406792641
65.6481471062 12.3126730919
17.0827019215 0.131238937378
17.8446490765 2.89465904236
15.2350718975 11.1383709908
14.4713959694 3.36290478706
13.3296709061 9.70554184914
13.4094929695 10.7811849117
13.6938149929 3.59120702744
14.3227360249 3.3761048317
14.0535440445 5.47943496704
13.7620408535 13.5063958168
15.1486530304 3.8115940094
15.4654560089 14.3669798374
13.6361498833 12.9522218704
13.1410188675 9.97998905182
12.7568480968 8.34197402
53.5940768719 28.5827999115
10.2406101227 2.8582470417
9.50194501877 8.20471310616
8.75825595856 4.4453599453
8.22536611557 8.1327149868
7.80601406097 1.69608902931
7.26769399643 0.875705003738
1.25316500664 0.0928149223328
0.729734897614 0.707013845444
0.735990047455 0.141835212708
0.404536962509 0.205331087112
2.60973310471 1.74910616875
52.6235539913 23.980918169
11.3393909931 8.19416213036
11.8099880219 9.11831688881
12.664760828 6.50553798676
12.4702429771 11.4533619881
15.107252121 5.80196905136
14.5683329105 2.38633084297
81.2280938625 24.3157360554
15.7194230556 6.85325694084
81.9486188889 18.2279949188
15.2878229618 11.9783639908
15.6229329109 12.3580129147
14.1118528843 7.62360882759
12.9116640091 8.03381705284
13.9656729698 10.0189299583
13.2953958511 11.276638031
13.3447179794 5.57028102875
12.6521801949 11.3710291386
12.9278538227 11.6644430161
12.0515799522 6.00307297707
10.9869339466 10.9344508648
11.6341309547 10.0910568237
9.89141893387 7.75737094879
1.21762299538 0.175974845886
0.916492938995 0.574616909027
0.646553993225 0.53292798996
0.444606781006 0.0779719352722
2.66812896729 1.92734694481
60.4834091663 9.79147601128
13.1378018856 5.16444897652
79.6602640152 40.3598508835
15.6323440075 13.8902289867
16.3165049553 8.02044487
15.538228035 13.9166109562
15.3919229507 6.58937597275
15.785889864 14.9253308773
15.7101328373 4.89383602142
15.9394547939 8.4390900135
14.6196219921 9.54636597633
14.8023500443 10.0832540989
14.6038510799 14.44759202
15.9058148861 0.924798965454
15.330619812 7.35987591743
14.1922159195 3.45811200142
14.3886659145 14.0255289078
12.5187010765 11.024296999
12.2578020096 8.73938393593
11.596791029 9.35423898697
10.2718660831 6.86301589012
9.99617981911 4.06531190872
1.71343612671 1.536039114
1.28767991066 1.09682297707
0.722012996674 0.0278630256653
0.735217094421 0.320471048355
2.67083597183 1.90635490417
10.2264499664 6.40833878517
12.6309378147 4.33494091034
60.9614100456 16.921487093
9.54955101013 5.99653601646
9.40689778328 5.55217790604
9.91833281517 9.66259503365
12.3494989872 2.98723602295
12.0654559135 11.1633219719
13.7652938366 9.3781979084
62.964345932 62.3639268875
11.1899690628 7.17025518417
11.457005024 8.49616789818
10.4339590073 2.38169813156
9.92440795898 0.860277891159
9.46985912323 7.05455207825
8.89457511902 8.0323741436
8.30034613609 6.29282617569
7.79152393341 5.51346993446
7.33275103569 6.56950283051
7.52817797661 5.50621795654
9.7420091629 0.574683189392
9.79228782654 0.79604101181
9.06018304825 6.56421804428
7.81965303421 4.06336092949
8.01980090141 5.11694788933
7.39093708992 1.44181799889
1.33134889603 0.584451913834
2.74134898186 0.15888094902
10.2521929741 6.07278108597
8.50129199028 5.96551179886
10.9623959064 10.8596179485
12.296186924 6.80851602554
11.3338689804 10.1776070595
12.0784130096 4.54231405258
76.6232318878 47.9785649776
13.219121933 0.0829830169678
12.3605818748 12.1439840794
11.3893830776 3.19112610817
11.3699321747 5.8553621769
10.200906992 8.33292913437
12.156224966 5.42570781708
11.0963001251 6.82887196541
11.0441050529 9.68048620224
52.8688628674 34.8776600361
11.9466080666 1.13946008682
12.3531191349 2.86239314079
11.9216070175 4.22267413139
10.8069870472 5.6065120697
9.66854405403 8.71246600151
2.97808122635 1.50074219704
1.48253297806 0.264302015305
0.82142496109 0.759801864624
0.79793214798 0.41231918335
0.579322099686 0.165378093719
2.61506199837 0.015692949295
7.45964503288 7.29297089577
11.1853010654 4.78909707069
9.19219899178 8.41470789909
57.4423699379 51.2452437878
12.2878539562 5.42941784859
13.0356240273 9.15470290184
12.9658482075 12.3707480431
12.5785720348 4.82333803177
12.975165844 2.64222884178
12.1399919987 11.515173912
12.0450839996 6.24104809761
11.841561079 5.05344891548
11.7617800236 6.23174786568
11.3643329144 4.79216313362
13.4825069904 2.73738718033
13.9001340866 12.460734129
71.9017419815 63.9012601376
13.5487959385 2.55406880379
12.3684139252 10.1346919537
12.4076859951 9.84221291542
10.9359309673 10.0113618374
10.4608709812 0.96401309967
10.0446088314 8.5780608654
8.92583584785 7.78872084618
8.79442310333 8.52731108665
9.50116491318 5.17880892754
10.0006210804 4.08464503288
0.908032894135 0.183935880661
0.687627077103 0.0571241378784
0.469056844711 0.0990278720856
2.65656304359 1.86474204063
10.5629351139 1.58506703377
11.6883459091 3.10373282433
11.8563821316 4.18111801147
13.1090109348 5.74290704727
13.0691919327 0.512638092041
12.7988128662 10.2667188644
13.5824019909 4.05828404427
13.6335580349 8.76245713234
11.8346188068 5.01908183098
11.3390259743 9.02067899704
11.7859621048 2.13281607628
11.8858439922 2.02688789368
10.7599070072 8.58122205734
10.7344338894 9.13557386398
56.249516964 40.2890880108
10.0514440536 8.53448200226
10.4009759426 1.987803936
10.2934679985 7.43959617615
8.77556920052 0.73499417305
8.82872915268 4.13983917236
38.3603739738 29.4276080132
3.19079017639 2.13240814209
0.743614912033 0.667140960693
2.63149499893 1.83155989647
10.4156661034 1.57501411438
66.628882885 42.5930318832
11.2866790295 6.06429290771
53.8971140385 41.2371790409
13.48762393 4.75985097885
13.2380840778 10.7068309784
13.8297739029 8.92307400703
13.2689490318 7.59754395485
12.9394040108 3.28566789627
13.5921859741 8.12296199799
14.3017218113 13.3529148102
13.9811089039 13.0614778996
14.9433648586 14.0647678375
13.3832309246 2.19879102707
13.0626981258 6.05131101608
12.2530479431 12.1731519699
11.5599110126 1.3010468483
11.9310591221 0.895375013351
11.3824300766 6.73632407188
11.125882864 0.610517024994
50.3875880241 7.16432714462
10.8937699795 2.30721592903
10.1705541611 1.97441601753
9.59414792061 1.40879893303
9.76916980743 0.356352806091
1.17431592941 0.338175058365
0.894063949585 0.702549934387
0.894245147705 0.705749034882
0.45382809639 0.439843177795
2.6008617878 1.73993992805
9.05069994926 4.09330892563
11.5843360424 7.20831489563
13.537624836 5.78149580956
12.2703120708 9.74457406998
12.100962162 5.44281005859
12.5704629421 2.11775898933
12.6462359428 2.93620586395
12.1446099281 8.34188008308
57.172743082 55.0235910416
14.1499950886 9.81255912781
13.0110299587 11.348981142
11.9970581532 3.56990695
13.4441668987 10.6254401207
12.1491909027 7.04572987556
11.8053619862 11.225069046
10.4371440411 9.89881920815
51.2706389427 37.7174999714
9.98386597633 0.216268062592
10.0874931812 0.778306007385
8.97537612915 8.84501600266
9.23254179955 8.80285096169
11.3514211178 9.93989706039
9.93850111961 0.622252941132
1.23057198524 0.166318893433
0.906371116638 0.380962133408
0.653548955917 0.0865910053253
0.457088947296 0.256137132645
2.66942310333 2.03307509422
11.4113628864 1.76826286316
14.0329890251 6.26535391808
14.5747258663 3.17870903015
13.2535750866 4.22267103195
14.3850409985 1.84267783165
14.2392690182 7.48733711243
12.3181869984 6.01232290268
11.2563750744 7.49854016304
58.4274199009 57.3111329079
12.8957021236 7.75701498985
11.9626529217 3.1886370182
12.3329341412 4.076816082
12.5471141338 1.32533502579
11.0866129398 2.387196064
11.223446846 8.37586903572
12.802834034 8.7400701046
12.1455168724 1.11749482155
11.9733788967 2.25531005859
11.9887530804 10.9914081097
11.8621020317 7.65574216843
51.0836060047 8.30448794365
9.88734197617 8.79051589966
9.37017011642 6.70331001282
1.18572187424 0.482981920242
2.58674097061 0.0172328948975
7.49565410614 6.66664099693
10.2409520149 7.65909600258
9.77005982399 4.22205996513
9.03043103218 6.87837910652
70.7877700329 21.8644509315
13.8212502003 4.47706699371
12.3046019077 5.99669098854
12.9136381149 0.223433017731
13.6467158794 10.9854381084
13.0786108971 0.995578050613
12.4598958492 3.70412492752
12.0486178398 4.92339801788
11.8366680145 6.08162808418
11.6903181076 9.38933706284
11.846820116 10.9724190235
13.3870699406 13.0226550102
12.7621400356 7.73679900169
12.9622571468 12.9293260574
14.0137379169 6.7253010273
65.2381310463 57.8370399475
11.167963028 6.80653595924
3.55879282951 1.88685083389
1.4102268219 0.197725772858
0.768616914749 0.533978939056
0.786552906036 0.44523191452
0.495953083038 0.387034893036
2.64323306084 0.61830997467
10.441067934 9.27387189865
13.7519779205 7.21027708054
12.7943809032 11.4389159679
13.3350269794 7.53320097923
12.4234540462 11.3549170494
11.6848089695 6.66570901871
11.3267707825 10.5520398617
10.7089807987 9.16119885445
12.0316309929 0.443844795227
10.3732430935 0.724864006042
49.0345728397 6.49070382118
11.137485981 1.97326397896
9.76926708221 0.102622032166
9.89831805229 8.68210601807
9.28704285622 0.057904958725
9.48178482056 3.98177886009
8.93008208275 2.70047211647
9.55119085312 4.47454786301
52.9006440639 9.69186496735
10.3897628784 4.6330499649
11.2260990143 6.07803893089
10.240664959 4.33150100708
10.1005280018 9.48387598991
10.2192628384 4.59098696709
8.90289998055 1.99455094337
0.727705001831 0.42525100708
0.553828954697 0.215821027756
2.61771798134 1.77819895744
9.0817899704 7.3831140995
10.6967499256 7.37352895737
10.9397718906 5.57525587082
10.3938801289 5.40563893318
10.4205720425 10.3390910625
13.6178178787 11.7428569794
14.8377850056 14.0856850147
85.3609440327 80.2599279881
16.9979500771 16.2046859264
15.5464019775 9.28318691254
15.1957550049 13.1806099415
15.7990441322 2.21316599846
16.4813621044 13.5954940319
86.50060606 45.2294330597
15.7915639877 4.48053908348
14.9126689434 9.34049201012
14.5472309589 7.41978192329
12.866642952 0.354939937592
12.5088379383 11.4669311047
11.6609179974 4.3838698864
11.3934590816 3.1872780323
11.2263109684 0.429571866989
0.961766958237 0.50205206871
1.84753799438 1.61767792702
0.476301908493 0.457749843597
2.64575219154 0.00723218917847
38.3049230576 36.8783121109
10.0856859684 1.57020998001
9.69581484795 8.2451570034
10.50364995 9.19152092934
10.2102811337 8.17281293869
10.1897258759 9.12392997742
10.8891849518 10.5046601295
10.2253031731 7.56330418587
10.3904681206 9.36903715134
11.8428888321 10.4979429245
66.0421438217 51.6178100109
13.8491199017 11.3525619507
14.5051059723 10.6031479836
13.4555401802 1.83971405029
13.5890300274 7.36425304413
14.3248028755 4.19162797928
14.3782629967 2.40567088127
14.428907156 4.77259016037
13.6434829235 12.6297271252
13.2942519188 4.44769096375
13.0021550655 5.92778110504
13.0317211151 6.6582159996
12.0008339882 6.98827004433
1.87509179115 0.219745874405
0.970670938492 0.665997982025
0.964492082596 0.339323997498
0.692759037018 0.47647690773
0.689649105072 0.489561080933
0.462584018707 0.039263010025
2.61711502075 0.0976951122284
9.2536380291 6.15595293045
7.52676010132 0.807171106339
8.86227488518 0.409849882126
8.74092507362 6.50070095062
9.38467502594 9.32872414589
11.6148021221 6.74960589409
11.6767160892 11.4677910805
12.4197790623 6.7477209568
12.8494801521 4.54034209251
13.7425749302 7.7787399292
67.606044054 37.9950580597
11.5780558586 10.112154007
63.7226850986 61.6065859795
13.8220441341 11.0753369331
13.34801507 2.6630051136
11.3801019192 7.32261490822
11.2379322052 7.58404302597
10.531017065 3.0115480423
52.9549322128 9.73812818527
9.84611082077 2.23121380806
10.5066668987 2.69451498985
8.83160209656 0.88751912117
1.09108901024 0.246631145477
0.832802057266 0.661502122879
0.812159776688 0.243834972382
2.64725899696 1.86646795273
10.4253020287 4.25295996666
13.3256218433 5.30551290512
14.7548389435 3.88952708244
13.5886580944 0.809405088425
13.150812149 2.26278495789
14.1333880424 10.337583065
16.2246870995 2.98376703262
15.5243828297 4.57738399506
84.3075749874 73.5771548748
15.4958350658 1.29517006874
13.8710010052 2.11005306244
13.9751188755 13.0140099525
13.9823899269 4.93873286247
14.5483820438 5.67396092415
74.7733130455 34.7734060287
14.215793848 12.7108368874
15.1908540726 8.39724206924
13.5900599957 12.5079419613
12.8186399937 11.4287559986
13.1033101082 10.888600111
12.4676721096 10.632445097
1.36265897751 0.679025888443
1.90002512932 1.35958504677
0.723696947098 0.303896903992
2.58577513695 0.0303680896759
8.4124879837 6.26611614227
7.66586685181 7.53894305229
9.87638711929 8.35657811165
10.8995299339 10.5716350079
12.616658926 11.0406749249
12.1177101135 12.0529851913
14.0564069748 9.9400510788
13.5971269608 6.66238880157
14.7792150974 11.3682761192
14.5524601936 7.03923201561
13.4190680981 13.2043681145
13.1809308529 5.15476584435
12.9398570061 8.22508788109
13.0250220299 9.52123999596
12.2180099487 8.50427389145
14.2377948761 3.54447889328
69.857159853 2.80703496933
12.3691830635 3.10674905777
11.6288261414 5.81980013847
11.6781420708 1.51615595818
49.5942709446 49.5316429138
9.77895092964 5.95611286163
9.4093310833 2.74956512451
9.22770810127 0.855136156082
1.68749499321 1.44328713417
0.921375989914 0.227533102036
2.60160589218 0.0755138397217
9.36267590523 9.23510503769
70.9065880775 50.4877510071
11.9728081226 2.30177903175
12.5728189945 10.8099179268
13.4525840282 4.20405387878
60.2244491577 42.2185862064
12.116617918 5.27006292343
11.6513018608 4.26199603081
12.0315852165 7.01458001137
10.8615038395 2.66959786415
10.5535111427 1.28673815727
11.4893789291 0.154042959213
11.9528670311 1.01810789108
11.0740330219 1.38857388496
10.4509899616 0.652189970016
11.5252139568 1.59541893005
11.482681036 1.21859192848
11.5682060719 9.79091715813
10.709307909 2.15392589569
10.2779500484 8.0498008728
10.4385619164 10.2087979317
11.0033209324 8.51506495476
10.5211741924 9.62866401672
9.56769299507 7.31235194206
1.14288902283 0.467025995255
1.14379906654 0.241769075394
0.457578897476 0.189275026321
2.6558380127 0.806414842606
11.3673667908 11.0326089859
13.6514201164 8.16516399384
14.6795578003 8.54908084869
12.087471962 11.4973099232
11.6459569931 5.03534388542
10.4725520611 0.501049995422
11.3076219559 10.0039598942
12.6875610352 6.25187706947
16.1824479103 2.31109595299
16.7767460346 15.4877579212
17.2795608044 3.85206484795
89.7095029354 27.2518389225
15.0339839458 0.870622873306
14.747107029 13.2514541149
15.3843121529 5.64702606201
14.4718048573 14.4137868881
15.1295058727 13.5233829021
14.1164720058 10.754557848
14.3670301437 12.6939921379
12.9692909718 6.18649792671
12.7029569149 10.5791590214
57.6180229187 20.5425949097
1.25458502769 1.23575592041
0.691152095795 0.406688928604
0.697695970535 0.0504229068756
0.472007989883 0.100689888
2.60458493233 0.0659937858582
9.25202202797 8.77329707146
11.6686618328 9.75003385544
11.0974388123 6.92143583298
14.2445299625 4.62910890579
12.7150998116 5.8911550045
11.9730420113 8.69254207611
11.5295829773 9.24576592445
11.1245129108 9.98596692085
11.5449740887 0.804724931717
11.9083380699 3.95052313805
16.2526979446 2.67202305794
84.4603722095 78.5954971313
16.4735381603 5.56363296509
16.6418299675 6.58389210701
16.2685580254 6.11322498322
83.73386693 48.1924188137
14.9994909763 4.99139404297
14.0908279419 3.19067692757
13.8744869232 3.40288090706
12.8951358795 1.71703100204
11.5776269436 9.66999697685
10.9122591019 2.83149504662
10.4524621964 8.94163703918
9.94455218315 4.16304016113
2.99578905106 0.896699905396
1.16000699997 0.332159996033
0.901539087296 0.738281011581
0.870326042175 0.661349058151
0.429844141006 0.160336017609
16.8327059746 12.4998090267
64.9316329956 2.32073402405
11.0030050278 5.14660000801
10.8442499638 6.89328598976
11.7019429207 5.84122610092
11.3480069637 10.6901431084
13.1153609753 12.2714309692
12.512994051 9.83591103554
12.0283110142 11.4261541367
12.3944780827 2.32394599915
12.8906841278 3.22633910179
12.3890249729 3.36290597916
12.6192178726 11.8542158604
12.6039099693 10.2448580265
12.725055933 5.69706201553
14.3331079483 12.8295199871
14.0876550674 13.5953559875
13.4152760506 8.32790613174
12.440474987 8.68954992294
11.8630299568 8.21759295464
11.8725190163 7.28635406494
10.3788149357 4.6160531044
9.75813579559 8.43152689934
9.89387392998 3.55976080894
2.94212508202 2.57770705223
1.50378108025 1.08045911789
0.786683082581 0.0382070541382
0.414779186249 0.25955414772
2.68473100662 0.378763914108
11.1755998135 7.1726269722
12.1822960377 9.15270400047
13.7418539524 8.45669984818
13.2479650974 7.6229801178
12.3889119625 0.413751840591
12.9649541378 8.33132910728
12.6295380592 0.459104061127
12.7985379696 9.10124802589
12.4296760559 0.796257972717
13.2393190861 11.0046970844
12.4754509926 11.4254620075
11.589217186 6.21364212036
10.9663510323 0.60423207283
65.484251976 63.0005791187
14.0938119888 10.7452011108
13.8449349403 12.6956608295
12.7851510048 4.12051010132
13.5074560642 4.43069505692
63.5528550148 13.5822780132
12.4703991413 4.10027003288
12.2060358524 5.47495293617
13.0826480389 8.58460402489
11.920800209 4.44044303894
12.6724951267 8.15936899185
11.532613039 5.58907485008
1.2948410511 0.109577178955
2.67638683319 1.80485296249
9.14111208916 3.43375897408
11.3430440426 3.17446994781
10.8331768513 7.32459497452
12.3557009697 8.05058693886
11.3409850597 7.09586191177
11.385007143 5.14126992226
12.86546278 4.27367377281
68.320663929 50.1915860176
11.3831970692 2.19260311127
11.3509588242 6.71559500694
12.1391069889 0.20391201973
11.7779581547 6.08258414268
11.9498357773 2.08197498322
11.4460611343 5.89255809784
11.3770051003 0.138746976852
10.749653101 10.1252689362
12.3935709 11.1042900085
13.1847229004 12.8189618587
74.8427209854 32.6903920174
14.9433729649 14.3778150082
14.5785338879 11.0971179008
13.9566130638 10.8363099098
13.3863561153 9.93187594414
12.4902551174 7.73461508751
12.1748428345 9.95166802406
1.29772400856 0.378362894058
1.28001594543 1.12998008728
1.00570702553 0.080668926239
0.71469783783 0.640131950378
0.735192060471 0.655448913574
0.509250164032 0.0811150074005
2.6188378334 0.0386209487915
8.37898802757 2.22360014915
44.2868049145 29.9351408482
12.8040158749 3.64706492424
14.6832389832 13.3308539391
16.1228220463 13.7290999889
19.1148450375 18.1917140484
19.9966938496 19.4793498516
123.089764118 120.469992161
21.8810880184 21.4326140881
21.1773650646 14.1454310417
20.302434206 6.31791210175
18.4063379765 16.3606948853
17.5542778969 2.73930907249
17.3065419197 17.2646269798
16.9236760139 11.3902461529
16.9470760822 14.4124531746
16.6419830322 9.25661015511
15.6144618988 6.56724882126
15.5153579712 3.1672039032
14.839673996 0.191802978516
14.9219999313 7.69177389145
1.45948600769 0.6223051548
1.48060703278 0.490858078003
0.799525022507 0.248851060867
2.61582016945 0.0919001102448
9.26978206635 8.7851691246
11.8966231346 0.950829029083
13.643102169 2.85834908485
15.4744009972 9.13084506989
14.4697868824 11.3382298946
15.0018429756 1.1387989521
14.7253749371 14.4538798332
16.0940001011 14.9004471302
14.9086179733 4.86612200737
78.2206790447 50.0164041519
77.5895979404 47.8849987984
13.3363480568 10.8588318825
15.0689370632 3.32069706917
15.7522039413 3.37928009033
15.9239990711 11.6168129444
14.8879480362 14.7247102261
14.3301260471 1.30884790421
13.8705630302 3.75857806206
13.5892629623 5.26265215874
12.9331119061 9.11269497871
12.0814199448 4.60702610016
1.45299100876 1.08248305321
1.11966776848 1.09626579285
1.09220790863 0.441097021103
0.515843153 0.104647159576
2.60779285431 0.0181629657745
7.43924689293 0.494838953018
8.09371781349 6.58787894249
10.0422539711 9.76515388489
12.596031189 5.47263002396
12.1276340485 11.0311379433
11.3128831387 10.8266849518
12.4887731075 11.0944190025
13.5723538399 5.45594286919
12.5169479847 8.27298998833
11.5824480057 6.30332994461
11.9666259289 7.59510993958
12.0825858116 7.36450982094
11.2511799335 0.569236040115
11.8758790493 10.0539050102
11.4937720299 1.12224817276
11.0528700352 10.5462720394
55.1762988567 53.1311478615
12.3189511299 12.0631029606
11.9552779198 8.40119504929
11.8392601013 1.88920307159
11.718214035 0.977287054062
12.7102508545 0.165187835693
62.0667188168 55.189499855
3.22650504112 0.266163110733
1.48191213608 1.36100506783
0.821041822433 0.509544849396
1.05460214615 1.02711796761
0.408500909805 0.0593259334564
2.62091493607 0.0823810100555
9.26633381844 7.79777789116
11.2103669643 8.74964880943
10.5327501297 0.375621080399
10.0802960396 9.71785497665
10.0631809235 4.25938010216
9.30756902695 7.05204105377
8.69086480141 6.38384580612
9.54692316055 7.96044993401
9.09333014488 7.22940707207
8.21295905113 7.35052895546
8.96619105339 8.14636707306
8.78417778015 8.45488882065
8.78391194344 6.38414502144
9.02501106262 8.40867304802
55.5268578529 53.3980569839
11.6884489059 7.76840591431
11.3012850285 8.04964780807
11.6026721001 4.67185902596
13.1925611496 3.42284703255
11.6900508404 9.87600398064
10.3138780594 2.41377520561
9.94227099419 4.97454690933
49.3182229996 42.6972270012
10.486593008 3.87284088135
10.6833131313 5.936658144
2.86196684837 1.81561684608
1.61092686653 0.644617795944
16.2416541576 2.05274820328
11.2544531822 3.49522519112
15.3272230625 6.32059502602
13.8555080891 12.0630409718
79.891546011 76.517621994
16.7908210754 0.0730640888214
15.2574901581 4.91095113754
14.6913878918 2.28442788124
13.8561370373 13.5278100967
13.2939231396 9.83401203156
12.3255310059 4.00141596794
12.029900074 0.893816947937
13.9343838692 1.35072207451
13.214936018 2.34009003639
12.3246130943 1.63505506516
12.4284470081 10.0095961094
14.0244679451 4.73022985458
14.0088779926 9.83093500137
13.7362670898 10.7519299984
13.2076890469 3.94268608093
12.449660778 11.7673649788
11.927218914 11.5674169064
11.2734589577 10.9355280399
1.29324507713 0.528118133545
1.7414829731 1.42944288254
0.478008031845 0.442815065384
2.6149699688 1.76824307442
54.076335907 4.05671310425
11.5630199909 4.32104992867
10.9300730228 4.47417807579
11.267870903 5.1723139286
11.4894618988 3.0206849575
11.3504929543 7.32629799843
12.5620191097 12.4138021469
12.9608039856 2.24976181984
12.8227899075 11.6708688736
13.4768910408 8.77721405029
13.0141861439 10.5006010532
14.8344190121 12.3261680603
13.6815738678 11.7430999279
14.8247950077 13.72915411
76.2433731556 31.3284511566
14.6970908642 13.3681578636
15.1613521576 14.8423171043
16.5114269257 15.8633339405
15.9784078598 12.6188778877
15.1602230072 1.43023705482
15.1196739674 13.1296880245
13.0086240768 13.0027930737
12.447781086 8.55249500275
3.49884700775 2.85630702972
1.29512381554 0.855365991592
0.981906890869 0.697697877884
0.723380804062 0.540361881256
0.496246099472 0.0673191547394
2.62915086746 1.98162603378
11.3806900978 9.16156697273
11.4135918617 3.46489191055
14.9181330204 6.86243700981
14.6475818157 13.8619749546
17.0678999424 11.99969697
16.0571730137 0.88708782196
15.7043318748 13.6295018196
82.5640799999 48.3552920818
14.6849019527 12.7470729351
14.9632339478 7.29260182381
13.7027349472 2.81494188309
15.3677971363 11.9124641418
14.590544939 0.497522830963
14.2262670994 7.92604207993
13.0857689381 8.4867670536
12.4185228348 5.24441480637
11.6242880821 2.24046492577
12.2207050323 10.8385341167
11.5635919571 9.08135604858
11.5377829075 4.55006599426
10.277577877 9.78138780594
11.1047000885 9.47117090225
10.9221558571 4.15689897537
10.685281992 6.09785699844
1.21171402931 0.658839941025
1.72592020035 1.23889517784
0.699148893356 0.301651954651
0.906541824341 0.535589933395
0.456358909607 0.456344127655
2.64617800713 0.0828039646149
53.515488863 18.1207909584
11.1222689152 8.45183992386
9.99021601677 1.5548479557
11.6020729542 2.57553911209
12.6856811047 2.8390879631
12.4228909016 11.9392559528
15.3288018703 4.80794000626
14.1030700207 7.56624102592
14.6036968231 3.12949085236
14.1743199825 6.42737603188
71.0695281029 8.99140000343
14.0641839504 1.16999483109
14.4451711178 13.1061711311
14.4260561466 12.7852220535
15.0642971992 14.2098481655
14.5277078152 3.49685192108
13.7674570084 4.67701816559
13.1636281013 10.962444067
12.5289559364 1.09810495377
11.9385159016 5.18696689606
11.1477291584 5.51568412781
10.2743270397 9.19538092613
9.793145895 6.40099406242
9.16381597519 6.09098505974
9.20450496674 6.47915697098
2.8200609684 2.53929805756
1.62428689003 0.750016927719
1.54680085182 0.727725028992
0.428893089294 0.113440036774
2.61722183228 1.7451839447
9.17530608177 5.07427692413
8.98393011093 4.17478513718
9.04875993729 0.953262805939
11.0891470909 9.34621405602
11.9813790321 3.52582502365
11.1217041016 3.13123106956
10.619230032 1.73149800301
10.5116488934 9.83083486557
11.6221120358 5.96554493904
10.9030759335 4.23268389702
11.649160862 10.685562849
11.9276599884 11.1601319313
12.7399048805 5.74957990646
12.198611021 8.37252211571
59.3204059601 28.7729148865
11.1965680122 6.72997903824
9.85697603226 8.55043411255
9.64713001251 4.05131602287
9.02646803856 0.283474206924
42.2736079693 19.3035478592
8.57480096817 3.11803293228
40.3538649082 9.91704678535
8.41635918617 3.27909612656
8.60242390633 4.12701392174
9.41786193848 1.08145499229
8.99787402153 1.68508601189
7.41858410835 3.80021715164
1.25618290901 1.02797102928
0.821408033371 0.467090129852
2.61493897438 1.75694894791
9.09319901466 4.51646590233
12.3899469376 2.29693698883
13.3176720142 5.79977703094
13.7011380196 10.4545180798
13.799038887 7.57289290428
15.7198469639 14.9989318848
18.8048601151 17.2122409344
19.4264559746 6.08571386337
17.9757840633 0.351010084152
17.7432460785 10.9199419022
17.220772028 2.99148488045
17.1038088799 10.3664250374
86.8102560043 65.9825899601
79.8917891979 23.5904860497
15.5131869316 4.82141900063
14.8788218498 4.78243398666
13.093572855 1.4615778923
13.4592030048 10.1516461372
13.3383440971 3.08843708038
13.4744410515 1.70531797409
11.8243701458 2.08435511589
11.9972879887 10.2009518147
11.4120731354 0.841956138611
1.64590096474 0.293622970581
1.57561993599 1.23537302017
0.885489940643 0.856951951981
0.663985013962 0.587476968765
0.455086946487 0.207495927811
2.68115401268 2.57451295853
10.8097550869 0.975125074387
12.6166570187 8.92801618576
13.8880319595 1.03749012947
13.721446991 5.01929807663
14.3002259731 1.71935987473
12.7692079544 5.95976090431
12.5104029179 7.51239299774
12.7471101284 12.692453146
15.5023760796 13.0341451168
86.681746006 86.3157000542
18.1399638653 16.6006679535
88.0369298458 14.0698189735
17.3305749893 3.20995092392
16.9002048969 14.69993186
16.4996321201 14.6363561153
15.8511359692 6.74699902534
14.0468490124 13.1965560913
13.1192560196 7.00258207321
13.4163630009 10.2410240173
13.1209139824 9.72604894638
12.1717739105 9.6873960495
1.3106379509 1.26995706558
1.01402306557 0.695158958435
0.993661880493 0.130865812302
0.720138072968 0.309576034546
2.69786095619 0.757937908173
11.5558140278 11.341531992
14.2610020638 12.1138000488
14.5032930374 12.5546109676
14.9198379517 5.40995407104
13.7710449696 2.3408870697
13.9730830193 1.01177096367
13.5757241249 11.904499054
14.0533249378 2.80697011948
15.7228288651 9.33214187622
14.8918311596 2.89493107796
14.4541988373 8.54406285286
13.7712390423 0.164762020111
14.6895260811 2.42588305473
14.571408987 4.74713110924
14.009955883 4.06826686859
13.9864809513 4.27755689621
13.1629900932 3.17639112473
12.9876129627 6.1294298172
65.8596339226 19.6120319366
12.3709881306 10.4873559475
59.7771000862 20.985571146
11.6294538975 11.4008529186
65.6841650009 57.6668109894
58.1959221363 53.3937759399
59.5191857815 38.1212790012
1.68045711517 0.625667095184
1.67752599716 0.925009012222
0.929579019547 0.371453046799
0.894240140915 0.419492006302
0.686773061752 0.242574930191
0.683619022369 0.512907028198
2.69977617264 2.11944508553
11.2543430328 1.62350797653
13.4403369427 5.03095388412
13.5426151752 7.68387699127
13.0292351246 6.46344900131
10.3892159462 5.85444188118
10.4685590267 8.72972798347
11.5030460358 4.40881490707
11.8797039986 10.0396950245
11.6898329258 10.4575049877
71.1831789017 55.5905299187
14.1309328079 13.5351128578
14.2880330086 12.5323991776
74.5456700325 28.7466170788
14.2524118423 13.0652859211
14.5107088089 7.34047293663
13.4757339954 12.4475600719
12.6406598091 12.6324579716
12.2696831226 7.84021115303
10.9692728519 7.55067491531
10.7213640213 2.55474090576
10.1606218815 9.62996792793
9.73123288155 3.4717028141
1.27698612213 0.511465072632
1.60282206535 1.06788492203
0.435852050781 0.201268911362
2.62990021706 1.76316809654
9.15877389908 0.637888908386
8.93588399887 4.26493191719
9.95683789253 2.97418498993
8.427339077 6.44399094582
9.45487999916 8.47806501389
11.2314558029 7.62322688103
59.226115942 54.087816
12.8280799389 10.2224929333
11.8864741325 8.93751215935
12.0045659542 7.02939009666
11.708313942 10.746835947
10.3467998505 6.07142090797
9.80166602135 8.98985981941
10.3237800598 9.15684700012
10.7225420475 5.61006593704
11.7487370968 8.57851409912
11.1038460732 6.76711297035
11.5044801235 7.37121605873
10.9605851173 8.74472117424
47.3104889393 46.9244978428
9.75743603706 2.50877308846
9.77733802795 5.47469806671
9.08713412285 6.15216112137
1.71447992325 0.926635980606
0.446905136108 0.136325120926
2.59173297882 0.0175859928131
7.45962309837 1.20559191704
9.66884899139 1.24824595451
11.4031648636 9.37655496597
10.4512810707 6.13608121872
10.2273740768 7.97848200798
10.3785221577 4.53759002686
65.4440369606 30.0291540623
12.7130160332 9.16673803329
12.8722009659 6.55997300148
67.0380351543 11.8155591488
13.3905951977 11.8428750038
13.4706459045 11.8512690067
11.8312602043 11.4412531853
13.782435894 7.53304195404
14.0767099857 10.8785040379
14.9125421047 12.0975301266
14.7187430859 11.7609591484
13.4568049908 10.9827752113
12.2093291283 2.96053004265
11.2270100117 6.34714388847
10.1597671509 5.94580507278
9.16973996162 3.47671699524
1.18692302704 1.08265995979
1.6729581356 0.614016056061
0.916329145432 0.116515159607
0.899095058441 0.647940158844
0.642572164536 0.640272140503
0.675714969635 0.0181210041046
0.468232154846 0.250625133514
2.59995698929 0.0390899181366
8.33985710144 6.71126008034
11.2503221035 7.5135269165
10.6409790516 10.2147219181
10.6522641182 1.42240309715
15.4375228882 6.04602503777
15.3369829655 7.79181694984
13.9064319134 4.07691287994
13.7076859474 0.731750011444
13.6250748634 6.01302194595
74.1008141041 20.7771120071
13.6311578751 4.17619800568
12.9697089195 1.83795595169
11.7470421791 6.15136504173
11.3074610233 1.41101193428
10.763531208 8.7789580822
12.5117251873 2.46021008492
12.7281000614 11.7150509357
11.9890959263 0.753113031387
11.5738239288 8.96421194077
51.592895031 31.6638610363
10.4505169392 3.67285394669
10.1608338356 6.78095984459
1.53327798843 0.743942022324
1.10256290436 1.03906607628
0.657657146454 0.55992102623
0.654733896255 0.614030838013
2.58387494087 0.0404100418091
8.38433289528 2.98964190483
10.5320880413 1.9604780674
12.2763168812 2.3934378624
72.0293669701 32.9786889553
14.5458009243 6.45444488525
14.4240999222 7.71188187599
74.0620698929 22.9303247929
14.8410890102 13.934540987
16.9108171463 15.1681361198
16.5349230766 9.37190294266
16.1077530384 8.08600616455
14.5037119389 10.2311589718
12.8681621552 4.57830905914
13.5730190277 6.79725122452
14.4730210304 4.27988314629
14.6410369873 6.29983401299
12.9451861382 12.0454981327
13.0129959583 0.177763938904
12.6001060009 1.25028300285
11.2655191422 7.98676300049
10.1951758862 9.51456594467
8.94480776787 7.22325491905
0.972640991211 0.869655132294
0.966886043549 0.876028060913
0.744130134583 0.599181175232
2.72167611122 2.26840209961
58.401170969 7.39517688751
8.0295290947 3.00001502037
8.33077406883 5.6909840107
8.82367086411 6.85781097412
12.4808609486 8.90215992928
12.8263070583 11.4234850407
11.7881901264 3.26940202713
11.5420370102 1.33056592941
11.0329358578 0.427145004272
10.3671038151 2.4938390255
10.4949369431 8.93995308876
57.9141581059 15.0063691139
11.5210270882 3.03020000458
11.7892169952 1.59982609749
11.8376669884 0.540958881378
11.6402478218 8.91975092888
12.8120129108 11.0641038418
12.7790410519 11.7366600037
13.217017889 12.852191925
13.9069149494 12.3067839146
12.1084210873 2.71821403503
12.8357160091 0.933485984802
12.4706890583 8.04419016838
1.93078804016 1.86050701141
1.06258702278 0.382493972778
2.65790081024 0.0832099914551
9.29699993134 8.95412802696
12.334692955 0.335149049759
12.0506441593 0.338948965073
11.9139139652 9.89825701714
11.7183110714 2.21899390221
12.708220005 8.77251887321
11.2098798752 10.9935419559
11.3669669628 4.10163998604
14.4219479561 0.244462966919
14.1859171391 2.5287001133
75.0692780018 7.31060695648
13.2847230434 5.90344691277
13.6786489487 3.62003993988
13.1228249073 7.82718896866
12.0783550739 3.64211797714
12.4442839622 7.74148082733
10.8911290169 8.95953297615
10.5450940132 4.55135607719
10.6827549934 9.65729308128
10.7824938297 3.1575949192
9.44026184082 7.18984484673
8.8044128418 8.42115092278
9.71297693253 5.10378599167
44.8698039055 23.2727079391
0.955518960953 0.346101999283
0.69787311554 0.660025119781
16.4090709686 0.702791929245
10.2186169624 7.38715291023
9.81875705719 9.48721694946
12.0798990726 8.10355687141
11.7351591587 6.18451499939
13.2748830318 13.2411880493
14.5968909264 13.9167909622
15.221711874 6.34312796593
16.4512319565 7.68350410461
15.4955279827 2.58337712288
13.7004241943 10.822247982
13.3166399002 6.20574092865
13.9486169815 12.5356459618
13.6302661896 13.5572531223
13.3103260994 3.18253898621
11.8381791115 8.19211602211
12.4903988838 8.60429883003
11.7412378788 7.02945184708
11.9194757938 0.14458489418
11.3216328621 3.09301686287
11.9329640865 0.0994942188263
11.9130630493 2.05296707153
11.8133430481 8.49584889412
56.6665120125 37.445348978
10.7094881535 0.906116008759
1.82081913948 0.13757610321
0.688395023346 0.0214409828186
2.64127492905 0.0358400344849
8.4363360405 8.31430411339
11.5653719902 2.60886693001
12.2203919888 12.1420691013
12.9698719978 4.39134907722
11.0028231144 8.07503294945
10.8172450066 5.16133785248
11.0292811394 1.43834710121
11.2685568333 9.42074298859
11.9251410961 11.5080909729
13.9682021141 0.493844032288
13.7415158749 1.00179100037
73.0939478874 28.6308948994
13.1747579575 8.6336979866
65.1433191299 30.0557701588
11.867975235 10.6266031265
10.7440600395 9.48143291473
54.0118498802 34.4155669212
12.1567091942 9.22031712532
12.0959229469 3.48585391045
11.9788467884 9.13688087463
10.9701089859 5.75688290596
12.0684688091 0.858939886093
11.1932001114 2.299888134
1.79700279236 0.29973077774
0.465579032898 0.256499052048
2.6789560318 1.89627385139
10.4797689915 6.15560698509
9.50353097916 6.80392193794
9.89500284195 3.63362884521
10.8699529171 8.75760293007
10.6725459099 6.99964904785
10.7949419022 9.39764285088
10.7139899731 2.34296107292
11.0176050663 2.39177107811
10.7779920101 4.08349895477
11.5159919262 3.3573179245
11.0424180031 7.32669496536
10.8115420341 0.0635190010071
10.6912090778 8.44736790657
11.3238949776 8.06883192062
57.6733260155 55.6025309563
12.2585608959 5.93295884132
56.693559885 55.6937909126
11.9449779987 11.6688621044
11.0105919838 7.75453615189
10.3357028961 4.72654485703
12.1987230778 3.50762104988
12.2291920185 4.9290189743
1.87551784515 1.67755579948
0.497364997864 0.390038013458
2.64886808395 1.7767431736
9.16092205048 5.42591714859
11.1391570568 1.26449513435
11.2390961647 3.62360310555
9.67983794212 6.84846997261
9.28257489204 8.40687584877
11.230424881 8.30618190765
11.4531998634 7.9308719635
11.1963431835 5.43382310867
9.96247601509 7.93324804306
10.4562451839 9.34826111794
10.7086758614 10.2382838726
11.560997963 8.30936598778
11.809294939 9.47090005875
60.1294789314 44.0718109608
10.9020328522 7.46158790588
11.4523148537 11.0631878376
11.7697021961 9.46975803375
12.4724979401 4.68229699135
13.0898160934 0.0887820720673
13.0001599789 11.9948730469
12.926058054 8.9456641674
12.2532379627 1.92115497589
12.1649801731 8.36703515053
11.0008559227 0.619261980057
53.7527048588 19.6529729366
11.4264221191 1.72088503838
11.7615058422 8.85721588135
11.1143581867 6.08280611038
10.8990118504 9.5224468708
10.6031758785 9.85238599777
11.9802489281 8.81967496872
0.919165849686 0.440845012665
0.930671930313 0.774841785431
0.655924081802 0.355431079865
0.460227012634 0.0756540298462
2.69490098953 1.82348418236
9.18091702461 7.43913698196
8.64536809921 4.11217713356
7.55862689018 1.10697102547
7.47075104713 1.18603110313
8.10812783241 3.4459528923
8.42874693871 3.71670794487
8.37169194221 3.48199486732
8.12107491493 4.77936697006
8.62662100792 2.92283296585
8.66922807693 2.21792507172
2.61967587471 0.0849409103394
9.29783010483 0.515204906464
8.62700605392 8.13279819489
10.2408268452 6.12220001221
9.27390313148 5.419932127
9.09911513329 6.67172408104
8.45914316177 7.7401239872
8.70489311218 8.2851600647
8.79137897491 8.32681894302
46.760985136 43.952078104
9.1825799942 6.2005751133
9.25056695938 8.01101899147
10.4765050411 8.70852708817
11.9065561295 7.47411799431
12.0350949764 0.613571166992
13.5699241161 2.44536519051
15.1501810551 3.22831916809
14.4310669899 11.6524410248
13.7596311569 13.7163200378
12.7934889793 12.3304538727
12.1098721027 11.9697179794
11.9295020103 10.2240478992
11.0085940361 0.414237976074
55.5614581108 55.3519699574
10.9962780476 3.6875641346
11.4472057819 3.08971500397
11.2009818554 2.66386699677
10.9498150349 8.47834587097
10.3725919724 4.64459300041
0.876697063446 0.0943660736084
0.750213861465 0.156810045242
0.696135997772 0.264953136444
0.390775203705 0.13546204567
2.67007303238 0.106770038605
9.30197191238 7.44424700737
11.5855369568 7.68659090996
11.3155450821 10.4852371216
11.0129470825 10.6733539104
11.8937888145 6.31392002106
11.1315770149 10.4174580574
11.6315569878 6.47477412224
13.3322689533 10.2165379524
13.3508431911 8.90512108803
12.765296936 8.67457008362
12.0953910351 10.928550005
11.8191549778 7.45352697372
11.4020800591 0.801572084427
12.0655310154 7.70583105087
11.0727398396 9.74849486351
11.0814790726 10.7046620846
11.2975978851 1.63832378387
13.0363049507 0.875209093094
58.6929690838 21.2180621624
11.4738659859 0.949006080627
11.6579520702 2.82556509972
11.7698261738 2.25177311897
11.892373085 3.21412992477
10.7594149113 5.55256390572
44.933011055 36.0537080765
1.15664291382 0.566478967667
0.674340963364 0.0155880451202
0.666862010956 0.396350860596
0.444406032562 0.132878065109
2.68141698837 1.79921603203
9.10968494415 1.8850569725
53.2594978809 7.89520406723
8.55688500404 4.02418613434
10.0991530418 2.11279392242
10.2079498768 0.87330198288
9.65098190308 3.01116585732
8.65826916695 6.64595103264
8.8814702034 5.97956800461
8.17559695244 6.53004693985
9.34203290939 3.94623994827
9.72652292252 1.52766513824
8.63777112961 3.95318412781
9.0573348999 7.56001186371
9.99755191803 2.01250386238
10.1692898273 3.31895089149
9.36108207703 8.29455304146
9.29702281952 5.51948094368
10.607831955 8.94672703743
11.1184639931 6.64654898643
10.543197155 5.04820418358
9.9436237812 5.49890685081
9.7931740284 7.10348916054
10.150935173 6.47465515137
9.53058004379 7.95701503754
8.84185886383 8.65740609169
44.5650269985 41.1711308956
0.821196079254 0.739249944687
0.597476005554 0.353500127792
0.409951925278 0.220567941666
2.63090705872 1.83932805061
60.3718378544 39.2130668163
71.9818849564 18.8020629883
14.7645499706 10.0910198689
13.4372889996 11.3784220219
13.5331699848 4.14554905891
12.3433771133 11.5023920536
13.9976968765 10.0679469109
14.5474758148 3.98958182335
14.9214270115 11.9492440224
13.4057459831 13.3446748257
14.2885599136 13.8478360176
13.6801829338 6.51094079018
12.5662620068 10.7912437916
11.8690521717 11.3852601051
12.1375770569 2.26871013641
11.2256519794 9.65947294235
11.6058630943 0.205921173096
11.4159538746 8.52133798599
11.0763201714 0.368692159653
10.2162978649 7.04512691498
9.35253500938 4.00755214691
8.64176797867 4.0652859211
9.0500998497 6.77830195427
8.63179707527 4.79235100746
1.34255719185 0.830095052719
0.956460952759 0.360487937927
0.71954202652 0.129912853241
0.726581096649 0.115248918533
2.66650986671 0.090754032135
9.32423019409 8.04272508621
12.2170500755 9.12546896935
12.1839590073 8.76604104042
62.4118509293 60.3960430622
11.9456019402 11.8892650604
13.7939288616 13.2265210152
15.942453146 14.0283300877
14.8187000751 6.70654416084
80.0368380547 55.3962221146
15.5269379616 11.0018939972
15.6810190678 0.0925841331482
14.930131197 0.639130115509
15.956717968 10.5397319794
15.4545519352 15.2017419338
14.1328620911 13.3247189522
14.1667780876 4.28643012047
12.5536179543 0.120794057846
12.6321520805 2.35811305046
12.773416996 2.77816700935
12.5612609386 5.87328886986
1.36996912956 0.215182065964
0.776774168015 0.11262512207
0.516964912415 0.46834897995
2.68993592262 1.83383798599
9.09740519524 1.44550514221
65.7280008793 34.2436468601
11.0638608932 7.19031000137
10.255587101 4.3644721508
10.9729788303 4.17214798927
11.3713848591 6.44952702522
10.7010579109 8.99933290482
12.887761116 3.12863993645
12.1552050114 7.28512883186
12.0395359993 10.6009819508
13.2515161037 6.62831711769
13.2959799767 6.0683131218
13.096996069 7.1957051754
14.947357893 13.3602180481
14.677175045 10.1258881092
14.0459649563 1.17439985275
15.1158781052 2.48413801193
14.4571418762 3.63634085655
14.1144800186 13.6026039124
20.3252811432 0.644173145294
18.4700601101 2.9762070179
89.761204958 18.5638968945
15.6355888844 6.59243392944
0.573652029037 0.423453092575
3.23481297493 2.15851402283
12.5352480412 9.37088894844
11.7829940319 7.38833808899
11.7057549953 7.72338581085
12.943999052 1.03165698051
13.6990320683 10.9924800396
63.1351690292 29.2735569477
12.1818401814 8.84957814217
14.9085640907 14.3792791367
12.9330420494 0.144576072693
13.4687290192 5.45668005943
14.8790011406 5.0476269722
13.1515169144 8.92066907883
11.5977859497 9.52039885521
71.5545949936 36.0933549404
14.5377898216 12.5041928291
16.0275068283 14.8245258331
12.658468008 1.88433790207
13.0702397823 0.168991804123
11.8337240219 9.32990098
10.4960181713 8.75663113594
10.4382960796 10.0613591671
11.110008955 8.15701389313
3.43153500557 0.609549045563
1.27569913864 0.68839097023
1.28664898872 0.731492996216
0.703707933426 0.548361063004
0.691807031631 0.0250251293182
0.486089944839 0.41817688942
16.7054989338 0.822067975998
10.8905961514 0.871443986893
66.1117990017 9.85702085495
13.9591259956 11.5132629871
15.6558799744 11.0672469139
16.158575058 11.6844460964
15.26343894 14.9196839333
15.2418148518 13.9029858112
15.2732088566 3.6019089222
16.0709540844 6.27007198334
93.7382600307 76.4964151382
14.4853930473 3.95534300804
15.136906147 5.49258518219
17.6182570457 9.64899706841
15.501404047 3.88512516022
14.500138998 1.84088492393
14.3788838387 14.0380518436
15.7191221714 13.7794411182
15.2987308502 2.01676702499
14.2066941261 10.9134640694
13.7722492218 12.736426115
13.128911972 6.49014997482
12.0094339848 10.411839962
12.6695330143 4.34943819046
0.964679002762 0.489087104797
2.64141488075 0.0901038646698
9.33109712601 7.48518610001
67.7063288689 37.9784049988
13.1521651745 5.45767998695
68.8881139755 56.6592309475
14.5989089012 7.90243291855
13.7435028553 11.670181036
12.2732481956 9.50326514244
14.7266891003 1.06052517891
16.2558691502 3.8953871727
77.1337189674 67.8601350784
17.3528559208 12.4886949062
15.9275479317 3.95474910736
13.4935319424 1.74097704887
13.1908559799 10.963917017
13.3769109249 3.5948240757
12.9019100666 5.64374494553
12.0284159184 11.6148929596
16.3831920624 14.3786439896
15.0898489952 14.7299911976
13.8118638992 5.49655199051
17.5745568275 13.2413458824
13.6689200401 11.7870030403
1.03820490837 0.936311006546
1.36631798744 0.311100959778
0.747931003571 0.636023044586
0.770566940308 0.295980930328
0.509803056717 0.10552406311
3.00691103935 0.0437369346619
10.5366680622 9.83627700806
11.6155819893 6.33304810524
9.06584692001 8.02875590324
8.78179001808 4.81835508347
9.90411400795 1.50384187698
11.4521930218 2.20430898666
14.2325210571 13.2230770588
14.5635099411 0.113723039627
11.788793087 3.90154099464
12.2545940876 6.507365942
12.2434670925 5.97608804703
11.2044551373 4.68049693108
10.6088399887 4.2052590847
13.5292649269 12.4472949505
13.2874491215 7.92254018784
10.0513210297 9.56167006493
11.1963229179 10.3467109203
11.6537570953 4.21710395813
66.5929479599 64.4756729603
11.6220679283 6.63368296623
59.5379400253 52.0111610889
12.0327010155 4.69637703896
11.3019349575 7.36498713493
4.35680985451 3.05029702187
2.36600399017 1.54878306389
1.31892800331 0.122949123383
0.855072021484 0.762885093689
19.3507349491 14.4415078163
12.4463701248 6.94630098343
10.4872231483 3.90616297722
12.5591728687 7.93511986732
13.7433168888 7.03453397751
15.7101140022 8.13176298141
16.6209681034 14.282351017
15.6777291298 9.31132316589
18.5196080208 16.4197669029
15.0836420059 0.183192014694
15.2250730991 9.47359609604
14.4183039665 3.56248307228
14.565461874 4.28245902061
13.0990400314 12.8953459263
14.9184660912 9.07979512215
14.3429751396 11.1807770729
13.9087171555 4.8839302063
15.6017599106 11.3361740112
14.5552411079 8.83504700661
14.6752641201 14.148293972
11.5323648453 11.5080168247
44.09593606 16.0231420994
9.56553602219 2.85667109489
46.8608269691 44.9715819359
1.15001916885 0.266622066498
0.936936855316 0.517138004303
0.896463155746 0.699724197388
0.672904968262 0.0549919605255
2.64492893219 0.0479989051819
8.48837089539 3.25072789192
11.9059460163 9.47697019577
13.3911449909 0.124869823456
14.0039219856 12.2514469624
13.4294881821 5.99414014816
14.0462300777 13.5193190575
19.0731770992 7.2732629776
