TIMING:
2.80456113815 0.655071020126
10.4374039173 10.1190078259
16.2358961105 3.12368011475
18.0975217819 8.55122590065
18.6852180958 3.46185016632
16.4046480656 2.40301918983
72.718047142 2.43355107307
88.146201849 84.7517149448
14.8386499882 1.36477994919
14.1382799149 0.993320941925
14.2656888962 0.746879816055
13.7874879837 1.19318413734
15.1454310417 3.70379304886
15.7780199051 3.00488090515
13.5467870235 10.0118880272
13.086605072 0.480261087418
12.6504118443 0.754136800766
12.112402916 0.350210905075
12.4581019878 0.583900928497
11.1604070663 0.909405946732
10.7565901279 0.521824121475
10.2850940228 0.458670139313
10.6483411789 1.45139408112
9.67039585114 0.16176199913
9.65794897079 0.751555919647
9.27142691612 1.64421200752
9.2652130127 0.505717992783
9.77984309196 3.24902391434
9.48774385452 3.19184398651
8.72950291634 1.22933006287
0.865792036057 0.575700044632
1.10427522659 0.570339202881
0.448194026947 0.164041042328
2.72463703156 0.516303062439
10.2230608463 0.628288984299
13.3122830391 0.975311040878
14.9963989258 1.02493596077
12.7500360012 0.360426902771
11.5672030449 1.43133997917
12.568087101 0.362836122513
11.8807971478 2.30190014839
12.7834091187 0.963036060333
12.7541108131 0.273530960083
12.0576179028 0.724617004395
12.5231080055 7.87611889839
14.4937341213 2.89690494537
15.2728028297 1.43721699715
15.8186819553 1.80496788025
16.5945339203 1.69071793556
15.5640950203 0.456624031067
16.0641899109 2.65350198746
15.1716871262 1.95229792595
13.0335118771 10.5439078808
13.1485190392 1.119109869
13.3832349777 3.18401789665
14.7977259159 1.71487879753
16.5198199749 4.23660302162
20.5339319706 3.66894602776
76.48913908 29.7927999496
15.3318119049 0.949131965637
0.795859098434 0.556949138641
2.86139702797 0.287680864334
10.3180730343 9.49793601036
14.6004741192 11.7766430378
17.6705298424 1.31583189964
18.5475111008 1.92131614685
19.721529007 12.2697951794
19.9340260029 2.36305499077
105.330955029 92.3155300617
18.3108029366 8.25828003883
17.395059824 3.47792100906
16.9313271046 1.01059818268
15.3711590767 1.03717708588
15.1739180088 0.781569004059
14.6840090752 3.18891692162
13.8728721142 6.41527819633
67.7860600948 10.4655799866
13.1777358055 1.61354279518
12.5568578243 0.68160200119
12.4552688599 1.9309258461
12.6186239719 0.585483074188
12.2642440796 0.814993143082
11.6413521767 1.41574001312
11.0448849201 0.848818063736
10.312969923 0.5438580513
1.6350171566 1.040184021
3.33252286911 0.607738018036
0.687709093094 0.261008024216
1.62293815613 0.933906078339
0.474278926849 0.109237909317
2.93497395515 0.864614009857
63.5176789761 1.34161496162
58.8641419411 0.989332914352
9.61497211456 2.07146716118
12.9537670612 1.21295404434
13.5242519379 0.902544975281
16.8015830517 3.87753605843
15.0783109665 10.8546488285
15.2796239853 3.37868595123
16.2671561241 6.82294201851
17.0311350822 16.1633911133
16.3490049839 0.941869974136
15.6177079678 0.872314929962
15.9069998264 0.804215908051
14.9855129719 14.5555500984
14.5760409832 5.41776800156
12.8180418015 2.92639493942
12.4251379967 2.30716490746
11.7502830029 2.81907701492
11.720788002 1.00024318695
11.6210100651 4.43740105629
10.5248188972 1.37579989433
1.25703620911 1.03945422173
1.20628619194 0.721115112305
0.473934173584 0.355115175247
2.61999511719 0.47146821022
55.9739429951 53.6702628136
13.8790230751 13.5163619518
17.5309269428 2.20829200745
17.5266211033 11.675907135
15.7713520527 0.816591978073
15.6021981239 0.45314002037
14.5229949951 0.441760063171
13.5539009571 3.02455806732
12.7276170254 0.618700027466
12.5011079311 1.11720085144
11.0992190838 0.860513925552
10.8614170551 0.558125019073
9.6925330162 2.75823807716
9.10823988914 0.209884881973
9.04805994034 0.913126945496
9.95362997055 2.12730002403
10.1917490959 0.22885799408
54.3367378712 2.84019398689
10.1526648998 1.30367708206
9.25634002686 4.3116850853
8.90576815605 1.62872409821
8.46309399605 0.58820104599
8.67047405243 0.994368076324
9.02882695198 0.567920923233
8.78288388252 1.04680395126
8.81718206406 1.12652301788
8.89883995056 6.03694605827
1.04248690605 0.236613035202
0.455994129181 0.219438076019
2.64183998108 0.529594898224
9.08463120461 2.08654403687
8.59445285797 0.580318927765
7.59448409081 2.59617400169
9.34273004532 1.47741413116
10.3787810802 3.73489308357
13.7190539837 1.84997987747
11.6715021133 4.11099004745
16.7110760212 0.814875125885
10.5632548332 7.77973079681
74.8733320236 4.74222207069
12.0121769905 6.84648990631
18.1098558903 2.37864494324
17.0999960899 6.5851521492
16.7988071442 10.4004461765
16.0452020168 2.33531999588
15.424695015 3.14210319519
15.2662079334 2.97025299072
15.2136330605 3.67340993881
16.2425830364 5.73133301735
16.4522881508 11.0447480679
16.7906360626 6.1692841053
17.5147590637 6.49529910088
15.5299310684 2.58781504631
15.6843850613 3.57277607918
14.2059020996 7.68215918541
15.9696729183 12.2937829494
15.4160790443 1.26143693924
15.9159660339 10.3233840466
16.2747831345 0.577777147293
16.8347599506 6.87599205971
15.6609978676 4.64607691765
15.6784172058 5.56941318512
7.4652299881 4.68741512299
6.47758793831 1.24061489105
5.22708415985 1.05605101585
5.18854904175 2.74563598633
3.95293402672 1.42643284798
2.74201488495 0.183324098587
9.50637602806 1.57191419601
8.1416451931 1.42636013031
7.6316781044 3.37031006813
12.3607330322 2.8522028923
13.629101038 12.5064470768
14.5146548748 11.6403548717
15.4129679203 11.7721869946
16.6066009998 6.51197004318
17.807626009 13.8931529522
18.1605260372 7.48246002197
18.6835701466 10.5634570122
20.0957398415 6.11915588379
18.4354758263 7.77701497078
21.1005289555 2.91075205803
20.1176681519 15.0934121609
20.6758861542 5.55584812164
76.4867591858 44.4840631485
21.3141989708 9.26808094978
20.429224968 3.51039505005
76.8444578648 13.3973839283
19.4025061131 9.63417315483
6.7401509285 5.21783494949
6.63683605194 6.08465504646
2.7467520237 0.336087942123
10.6288850307 2.38355493546
14.6433398724 3.06573700905
11.9294550419 1.54305315018
10.8238511086 1.71796011925
12.1265861988 2.65330600739
12.5581798553 7.40537595749
13.8665831089 11.6160929203
18.2705950737 7.371707201
16.7861938477 4.26512289047
18.5338931084 7.75913715363
20.377933979 6.76329803467
18.7340159416 2.7721850872
17.8149001598 6.50840616226
18.2939920425 7.46433806419
66.7165048122 61.2985639572
19.9971461296 9.86121320724
21.6527500153 20.8420820236
22.5739760399 10.6814169884
20.9842720032 3.53344297409
21.0505161285 6.62706303596
19.4760110378 5.30975317955
18.1441049576 8.77612185478
9.38435196877 4.18069887161
2.74295282364 1.31319880486
11.8501439095 3.71963810921
9.98976993561 2.44823598862
8.89165902138 2.13892102242
10.4059331417 5.999751091
10.9254541397 1.15467810631
9.49326395988 3.26224112511
10.8901631832 2.56698513031
11.6470251083 3.3834631443
13.4823260307 2.56575489044
15.160558939 4.80336284637
16.1569430828 2.75890302658
16.2363669872 4.80413603783
16.6098301411 10.2728121281
17.8929409981 4.09448409081
16.9225559235 5.53028488159
14.983397007 7.34308505058
15.9585578442 3.03649497032
200.958718061 88.9081959724
17.135021925 9.57955098152
15.6162998676 8.4244890213
15.1266360283 8.73280501366
16.6031529903 7.12905716896
15.9977221489 4.43216609955
15.3044471741 14.6976320744
17.75664711 9.07156014442
4.56583499908 0.684436798096
6.02713394165 2.6814789772
3.01510000229 0.990999937057
2.77724719048 0.34145617485
10.5850567818 7.79611682892
15.1089248657 15.0137548447
18.4222359657 5.63058400154
81.5006651878 75.4515380859
15.8940980434 2.39931201935
16.816838026 1.51898097992
15.5872850418 3.56881213188
15.9330120087 2.00674414635
14.3080379963 5.62193417549
17.0466399193 6.34706091881
17.109306097 13.2229149342
18.1219480038 2.93338990211
74.8792171478 12.7392420769
19.2757518291 5.65295481682
16.881747961 2.454611063
17.7064888477 4.91770887375
16.3851339817 6.56305193901
16.7493290901 1.13487505913
16.0246529579 6.6472799778
15.1001570225 6.85140109062
14.937928915 7.87218284607
13.6937561035 3.00626206398
12.6868588924 12.2371459007
13.75553298 7.90073513985
5.68540811539 2.33983612061
5.5902941227 4.55311203003
4.3607840538 2.22840309143
3.00854706764 1.43627691269
2.75919485092 0.720559835434
11.7467911243 4.88918018341
77.0465760231 19.5555810928
67.1584668159 53.7309129238
19.1083009243 2.62308096886
16.9108860493 5.83972191811
20.2185511589 6.26122117043
19.3639221191 4.39256000519
19.4768791199 4.44198822975
19.5759990215 2.04922199249
19.4959528446 6.60973405838
17.2107789516 3.32309389114
17.7121729851 3.8012149334
17.1027491093 1.90497207642
17.0168869495 4.53088903427
15.2974579334 2.10720705986
15.5725221634 6.74064302444
14.6842470169 2.26709699631
15.5086729527 1.32291197777
14.7446718216 3.20476698875
15.3298079967 3.2721529007
13.9778008461 5.94640493393
14.5658099651 6.00520610809
14.3134689331 6.67228412628
15.9344210625 3.55529618263
14.8510489464 3.42294692993
14.3956000805 2.7761900425
13.3940591812 5.25136613846
13.0958740711 1.66473412514
5.905616045 2.49339103699
7.88301420212 5.50931811333
5.12552213669 1.84537601471
5.09549617767 3.52271103859
3.90013599396 2.04481196404
2.75222110748 1.27233505249
11.7250328064 4.01472187042
13.4100520611 3.4072060585
16.0225918293 4.86099004745
202.565384865 45.2071089745
19.6285159588 1.90555787086
91.2618329525 8.06661701202
17.7168059349 3.81230783463
16.8080170155 13.0531849861
16.2596719265 2.03855800629
16.9365010262 3.60275387764
16.453578949 6.21905016899
18.1140868664 6.79428792
16.5773160458 5.48792910576
17.1245920658 6.40724515915
15.5643811226 9.96118593216
16.8470199108 8.31864500046
16.3214931488 8.41332221031
15.6582760811 0.74968290329
14.9073979855 7.26756596565
16.9972469807 15.9617099762
16.2152729034 6.93743896484
16.4593160152 12.059607029
14.7814950943 6.56689095497
5.68964910507 0.870921134949
6.68448901176 1.29802107811
4.13453912735 2.19327402115
5.41827702522 2.1236269474
16.8040499687 8.81159806252
13.2647352219 1.54962515831
11.4792039394 1.84611296654
14.3402400017 4.3273460865
15.8433060646 3.6837182045
14.7802290916 1.71324801445
13.1026461124 4.89388203621
16.5613780022 6.35907196999
17.2001678944 6.7520339489
18.6588320732 11.0842421055
19.8184149265 6.43638896942
21.7382729053 11.6772809029
19.8502519131 2.77651500702
20.1853871346 15.5171661377
19.8398621082 6.51781105995
80.6967411041 6.53145217896
20.3123290539 5.01532506943
20.3836810589 2.89355397224
18.4396891594 5.32734894753
18.8050439358 7.89500188828
18.1246538162 5.28892087936
18.985970974 15.9871089458
17.6884558201 2.5787088871
17.9226579666 4.15053796768
17.1383368969 6.59109592438
16.7952251434 7.40783405304
7.34036302567 0.933512926102
7.24592518806 3.41519498825
6.02483582497 1.67470598221
4.68300414085 4.48163604736
16.4609000683 0.776364088058
11.1536529064 4.51891207695
72.6954231262 16.8568351269
16.3855760098 2.38809299469
16.1414499283 5.84787487984
17.144769907 1.3396730423
15.907763958 3.21976613998
17.5769059658 12.8849821091
18.0967640877 6.36904716492
18.4957709312 17.118252039
19.7410871983 5.87785005569
21.1716380119 6.37435388565
19.5821399689 5.71455693245
75.2400910854 28.1227419376
19.0410759449 3.96248698235
19.2226829529 8.04430913925
19.1809468269 8.24822092056
21.3726170063 4.66494297981
19.9905400276 5.09555506706
19.7796831131 5.11617898941
18.4525949955 11.0832509995
20.3315141201 8.44435811043
19.1142549515 8.64890503883
17.8107099533 6.88740086555
9.30350708961 5.90508890152
7.74796009064 7.71439194679
2.77064085007 0.624242782593
10.4695689678 8.74415111542
10.9507098198 2.36394190788
12.7704367638 4.87725186348
13.343993187 5.37786316872
12.5086419582 8.44741797447
15.6583809853 3.41022706032
57.3875279427 5.82984185219
14.7159061432 8.34806609154
15.5110909939 6.62006115913
18.3548569679 16.8636710644
19.2284030914 6.44461202621
22.0273470879 12.7139389515
21.2019770145 5.48458600044
21.3580498695 12.1250059605
21.362267971 9.32306909561
21.5428647995 7.98869180679
19.6562018394 5.97074198723
20.2870020866 6.19091892242
18.1037859917 9.65003800392
17.6579680443 8.99775505066
17.362539053 6.8070499897
7.01321792603 5.77647709846
6.83142995834 1.46239089966
3.34823012352 1.85910511017
2.78381204605 0.333660840988
10.5420360565 1.31448912621
9.7105691433 1.31979012489
8.78404402733 2.51031112671
10.4509510994 3.2509469986
12.9349710941 3.86960411072
11.1403009892 3.53868293762
13.9986209869 4.67465090752
13.3031859398 3.47205305099
15.0149099827 4.84713292122
15.2960989475 4.24350595474
16.9240999222 15.4210579395
16.8919351101 5.06846213341
16.886259079 1.09628915787
15.9653389454 4.92801403999
16.4302289486 5.66271400452
17.2751250267 9.44776010513
18.2413170338 4.67344808578
17.9945659637 9.48448801041
20.9510419369 7.63819384575
18.5005550385 5.04806900024
19.0134899616 3.56115794182
17.189232111 5.84797811508
64.2737560272 44.32751894
60.2458469868 10.9093179703
10.8329098225 6.98308897018
6.43736481667 3.96059989929
6.46002602577 1.35745406151
3.18097305298 1.50871491432
2.769105196 0.345366001129
10.5722970963 0.734268188477
10.4153439999 4.27409219742
11.4056098461 5.11183691025
15.9513909817 7.26022410393
15.7224600315 4.40390110016
17.0023808479 6.25319600105
18.3133070469 11.5323200226
18.0474069118 7.01354002953
200.678101063 82.653208971
19.1823768616 6.00482082367
66.5921480656 65.7679750919
20.6969571114 6.74809193611
19.5548460484 2.85729312897
19.1604580879 8.94803309441
19.124502182 4.09644699097
17.8896648884 7.50390696526
17.6572830677 9.88134098053
18.084706068 15.4869821072
20.9481019974 6.54100489616
15.041328907 2.85469388962
14.0810949802 2.87201094627
1.41069197655 0.799385070801
1.15082001686 0.422741174698
0.889637947083 0.810677051544
3.36129593849 0.683611154556
10.6380288601 4.84172081947
200.474982977 135.489439011
10.312057972 0.398461103439
10.1983931065 1.79527711868
9.94185900688 0.350935935974
9.852602005 7.59193587303
12.9976451397 3.98521208763
13.2109730244 6.75414395332
13.9322760105 1.02939414978
13.2225120068 1.7043261528
12.5131299496 1.74559283257
13.8203351498 3.51004695892
14.0657851696 1.60453510284
15.2584638596 0.708920001984
13.3383021355 1.50713896751
13.0213348866 3.35362792015
14.2983961105 0.485743999481
13.9061880112 1.41091585159
11.5849018097 5.2959048748
10.8432910442 0.510643959045
11.2411940098 0.904443025589
10.9179430008 1.18457508087
11.2944188118 6.26800489426
14.8379528522 6.46117281914
1.07874703407 0.372810125351
6.83990097046 1.83766913414
5.63668298721 1.08741402626
5.60488986969 1.20504784584
4.23168587685 1.67239093781
4.15048789978 2.86233186722
2.77674102783 0.631645917892
10.3103039265 1.02689790726
11.0223240852 2.05593109131
2.78190398216 0.49137878418
9.54712891579 0.471198797226
8.47578001022 0.522003173828
8.14236283302 0.929427862167
7.95889997482 0.318325996399
9.62019491196 1.67425990105
12.0153651237 4.69688606262
14.4562590122 0.97655582428
72.5335228443 0.578650951385
11.9853560925 3.28638219833
83.6016881466 76.8481190205
16.7907299995 1.03553199768
16.420609951 0.991007089615
14.1117219925 1.14921307564
75.87012887 4.45478487015
13.4527699947 3.22678303719
72.5595178604 3.20648503304
13.5632150173 0.570085048676
73.0395030975 59.1669609547
13.7913818359 1.02179288864
12.6931250095 1.58120393753
11.6764070988 0.190983057022
11.8561689854 10.8870739937
12.1808040142 1.38421702385
11.3705320358 0.203766822815
3.59662699699 0.943854093552
3.12045907974 2.60934114456
1.07189297676 0.127909898758
0.428562164307 0.39220905304
2.64830994606 0.023120880127
7.62442588806 6.69484186172
10.8713800907 1.51940822601
64.0728228092 0.684986829758
11.3040750027 1.94867897034
69.88357687 20.4951369762
12.6744790077 8.97274112701
13.8893470764 0.764822006226
74.2809891701 1.97279715538
10.7590148449 3.63789606094
10.9910781384 1.05232810974
10.4954349995 4.11774396896
13.8576750755 3.66201710701
13.8426089287 0.741328954697
12.7791950703 2.2088739872
11.9365501404 0.587727069855
12.2005338669 2.19257593155
12.0105731487 4.49208402634
11.5250408649 5.74234008789
11.2972438335 4.12074184418
10.2389149666 2.87499904633
9.51906991005 0.607335090637
9.81820702553 1.69497895241
1.96558690071 1.03565597534
1.44429087639 0.977033853531
1.27336120605 0.546463012695
0.686378002167 0.258272886276
3.29532814026 0.298019170761
10.1301848888 0.922732114792
9.61910390854 0.182028055191
8.81958079338 1.13627099991
8.31521892548 0.281680107117
9.57144713402 0.57821893692
10.1084811687 3.04148006439
11.9611411095 3.76846408844
11.6355700493 2.54341197014
11.467151165 3.25349497795
12.9054040909 0.909599065781
69.4315030575 20.01689291
13.2792329788 0.496401071548
13.4817519188 6.30759906769
13.1653518677 6.62982392311
15.0839548111 1.69985198975
13.2231287956 1.12017178535
12.3716728687 2.61749792099
57.475110054 33.3287680149
10.8534419537 1.46102190018
10.0013170242 4.59826588631
10.139852047 1.29389500618
9.42270207405 1.02882695198
9.18326091766 3.17120409012
1.579226017 0.166567087173
0.918245077133 0.296435117722
1.14495992661 0.432579040527
0.65892791748 0.5841588974
2.69448494911 0.18887090683
9.58446311951 3.20235896111
12.7321009636 1.53957605362
12.5818388462 1.28836989403
10.280933857 0.343233823776
10.1269800663 0.782736063004
9.67580795288 1.34185695648
10.1585731506 2.08962702751
11.1607868671 1.62021589279
13.2039210796 1.27928900719
12.5455508232 0.989107847214
12.7832489014 4.32711601257
11.7487630844 1.78615999222
11.5939559937 1.85668301582
9.63943004608 0.923444986343
10.1849989891 0.584438085556
9.98592710495 1.67149615288
10.1340081692 3.64517712593
10.4055230618 2.27281212807
10.5513870716 0.635845899582
51.1790540218 0.442739963531
10.3835411072 0.195773124695
10.1252059937 0.577021837234
9.81738710403 3.41984605789
10.105399847 0.809993982315
9.44851493835 0.443367958069
43.931027174 1.80261111259
2.70045185089 0.516184806824
1.40417408943 0.655862092972
1.47642588615 0.319906949997
0.789334058762 0.385498046875
1.14955306053 0.253624916077
2.78910779953 2.28666496277
11.8649349213 6.20848798752
14.4890868664 3.73464989662
83.1984729767 1.66749310493
13.5950238705 1.51190304756
14.0925030708 1.85997390747
13.9970149994 4.12250709534
91.1924698353 6.69189190865
14.1656191349 5.99908518791
19.0525178909 2.83242988586
17.0573220253 0.405637979507
15.4915380478 0.331488132477
13.9430351257 0.165775060654
13.9879448414 0.212632894516
13.593350172 1.07475805283
13.1814680099 3.56021690369
12.525177002 5.63729286194
17.942387104 9.29071307182
18.4142639637 1.46545100212
14.0758159161 1.00950598717
13.8026049137 1.58743190765
12.4144082069 1.71298313141
12.6394710541 1.01952505112
12.4544110298 1.67303586006
11.5015289783 0.766261100769
10.529916048 1.54248714447
1.74040794373 1.60624313354
1.27090001106 0.844246864319
0.511083126068 0.485319137573
2.66109800339 0.188215017319
9.5530629158 3.15623402596
12.7798438072 0.571171998978
12.0093100071 7.27430510521
16.4132928848 1.6042778492
15.7246391773 0.864706993103
16.4300508499 1.10759782791
15.4647791386 4.62491416931
14.4814970493 0.582149028778
14.9904119968 1.66274809837
15.7960650921 0.548485040665
13.7742509842 0.342540025711
13.1720030308 1.97555685043
71.6626660824 11.0704400539
14.5097830296 0.846042871475
15.3707211018 0.840802192688
15.6991078854 2.51724386215
16.0878529549 1.13574790955
82.904350996 77.4832291603
14.0042860508 0.715395212173
13.3886599541 1.14417910576
12.731110096 2.32558012009
12.2386450768 1.75851821899
12.8744609356 6.44253087044
11.8837709427 2.1551117897
13.2473900318 1.13119292259
1.43267202377 1.05387091637
1.84353208542 0.712579965591
0.515780925751 0.408290863037
3.26223015785 1.2757999897
12.5751869678 0.439778089523
9.0609369278 0.888047933578
8.52285504341 0.493365049362
8.55577516556 0.561133146286
8.32735610008 3.05410313606
12.6152000427 0.486752986908
10.5403330326 2.00196194649
10.9039168358 2.34817481041
11.2672269344 4.89442205429
11.157654047 1.32010006905
11.6331400871 1.68889093399
11.8020539284 6.66505789757
10.6090979576 1.30964803696
11.4574019909 5.81335783005
201.278676033 43.6779010296
13.7213590145 1.67750120163
12.2011711597 1.32034611702
10.8449809551 1.4468460083
10.5121588707 0.848114967346
10.3532519341 1.30182790756
10.27267313 0.882377147675
11.0258529186 2.72664380074
10.5357859135 8.2295229435
12.285556078 1.16323518753
1.36445689201 0.630589962006
1.65965795517 1.32735991478
0.662670135498 0.133840084076
0.473791837692 0.44467997551
3.03051996231 1.33909702301
12.2765009403 6.50868797302
16.2177369595 1.03564190865
13.4167780876 4.1395740509
12.9375970364 3.95713210106
11.9332211018 5.03221797943
12.5733311176 0.753503084183
72.9447350502 10.8678560257
12.7621731758 1.00149512291
12.8967840672 2.17998313904
12.1175329685 4.62078595161
10.6369321346 5.43004107475
57.2272481918 22.0911362171
12.1955971718 2.17362904549
11.4565269947 1.07370281219
10.358039856 1.09546685219
11.582670927 1.35114693642
11.9106121063 0.861087083817
11.4178068638 2.97109293938
11.453042984 6.31623411179
12.2820780277 3.50345897675
11.1826150417 3.68721795082
3.20824098587 1.55446696281
0.923152208328 0.5408411026
0.930690050125 0.313519001007
0.465708017349 0.210988998413
2.65936899185 0.510454893112
9.36411094666 0.398319005966
8.16132807732 0.380372047424
7.58589982986 1.16010689735
7.95443987846 2.35679101944
10.2892460823 0.51938700676
10.9359560013 3.92182993889
11.366797924 3.7728729248
67.4839920998 41.3186578751
13.560259819 5.67677402496
14.9268758297 1.82253694534
14.8195619583 0.442733049393
14.6208808422 14.2852079868
14.4970610142 4.01790904999
12.5477981567 0.84584403038
65.6256699562 1.77864408493
12.7739548683 3.15731096268
12.2844429016 1.80495786667
11.7718009949 1.42254185677
10.783178091 1.63257813454
10.6373679638 2.71245098114
9.94843792915 0.873584985733
9.60916805267 1.43451499939
9.72043418884 2.61906409264
4.84646296501 3.83910799026
0.97293305397 0.479971170425
0.672580957413 0.390201807022
0.673069000244 0.229341030121
0.453951835632 0.278393030167
2.65467786789 0.711151838303
62.411634922 4.73980402946
8.58633112907 0.393079042435
44.7707579136 12.2725610733
10.5006990433 3.66938114166
10.2486710548 2.88153290749
12.348484993 2.1644449234
11.7700989246 1.03778004646
11.5311620235 0.59521484375
12.2646131516 1.12619400024
12.2458031178 0.448965072632
11.5879979134 1.89625382423
11.4052491188 1.28093314171
11.0493071079 2.09796619415
12.4207668304 1.32905983925
11.264316082 1.85833001137
10.5082588196 1.02530384064
11.3084909916 1.12416601181
10.3537361622 0.634629011154
9.77782487869 0.974629878998
12.0690469742 0.999289035797
10.2774679661 0.177911043167
9.99430680275 0.454452991486
9.61157202721 1.43525910378
8.5457918644 0.771962881088
8.92252206802 0.266973018646
10.0681459904 1.89614605904
8.2797999382 0.234086036682
8.82663106918 0.516346931458
10.3067281246 1.00307416916
8.77222514153 1.14424920082
8.3981719017 0.669898986816
1.39215183258 0.324867963791
1.3743121624 0.32498717308
1.08082389832 0.404813051224
0.954068899155 0.79890704155
0.740497112274 0.264362096786
2.73262190819 1.58762192726
65.6266970634 57.2506151199
17.2161238194 1.86447286606
20.0952019691 2.40581297874
17.247303009 1.47590112686
15.5760560036 13.1096899509
16.6640329361 9.07301688194
101.323909044 6.14729595184
18.9892840385 2.58721399307
19.2260978222 1.4604268074
18.7247641087 0.543015003204
17.6931519508 3.30446100235
15.7942869663 1.03988313675
16.5991961956 0.910875082016
15.5163390636 1.86989283562
14.7574470043 1.73843789101
14.1714391708 2.43145298958
12.8452370167 1.17561507225
12.6904149055 0.953467845917
11.9298970699 2.20328092575
11.9319109917 11.4474680424
12.3788361549 3.55621695518
12.4912488461 1.93202400208
1.82392096519 1.11705613136
1.28340387344 0.246706962585
0.711245059967 0.603960990906
2.63347005844 0.510998010635
9.13464808464 0.717503070831
10.8780839443 2.98514890671
11.2280311584 11.1286530495
15.0784499645 2.47340512276
16.8375430107 6.47215890884
91.807641983 89.5407838821
18.1348588467 1.91080188751
17.4747078419 1.3665368557
16.8961088657 1.74875283241
17.6528408527 1.55870389938
18.2603049278 0.685529947281
17.3264050484 1.04598402977
16.5346679688 1.42705798149
15.5262448788 15.1133449078
17.3927941322 7.56237792969
16.5096058846 1.79314398766
80.9635920525 24.601927042
13.6891429424 1.82261586189
14.9460110664 1.68674397469
13.4712450504 0.454545021057
13.533946991 1.95795083046
12.6011440754 0.892265081406
1.89218497276 1.22826004028
1.74468708038 0.519886016846
0.731831073761 0.515643119812
2.62401795387 0.497581005096
9.10245299339 0.764667034149
10.7429909706 1.11398410797
10.4613599777 2.00857305527
11.8038070202 1.40332698822
12.1535081863 1.72801303864
13.1098799706 13.0006439686
13.0316519737 0.525215864182
13.260751009 5.78503894806
16.2829530239 2.80824899673
16.0965709686 3.00888204575
15.4110739231 2.27656006813
16.425565958 2.80925798416
86.1215369701 13.5487501621
15.3078122139 1.942248106
14.2387530804 0.755989074707
13.6594419479 1.35790300369
13.9984400272 1.27312302589
14.3492510319 3.26150989532
13.1507408619 0.689268827438
12.6316950321 2.54005503654
10.7653269768 1.54339790344
10.5235848427 0.483899831772
53.727504015 43.4087731838
2.61917090416 0.209074020386
9.24728608131 1.11923694611
12.0345518589 3.45862984657
10.6754920483 2.99920010567
12.2703039646 1.49203896523
12.1695969105 4.48129796982
13.6245059967 4.08765792847
13.909307003 5.5446870327
14.1840879917 2.1168961525
14.4364721775 0.612285137177
79.0733158588 33.16238904
16.1710009575 9.39343094826
15.5717589855 1.083370924
78.1751811504 15.0481681824
14.1831219196 0.931609869003
14.2774839401 0.651021957397
14.2985799313 4.73695278168
13.3312461376 1.65423607826
12.9906470776 1.13579106331
12.4385550022 1.07004404068
12.1589379311 1.52885198593
12.6547729969 0.974592924118
11.6593420506 1.73452401161
11.56310606 1.01004886627
1.15726804733 0.648907184601
1.56139993668 0.874649047852
0.614479064941 0.303306102753
0.602329969406 0.517159938812
2.62357711792 0.00756406784058
6.49604701996 0.111733913422
8.91485309601 5.93243503571
12.1154389381 0.497142076492
12.9787659645 0.282499074936
11.9812960625 0.714313030243
11.5895619392 0.644608974457
68.3796908855 64.427809
15.751655817 7.24356079102
17.2287759781 4.13611698151
16.8632290363 0.381222963333
15.3810591698 1.96299600601
16.0259242058 0.723214149475
15.3147389889 1.07195281982
13.9726409912 9.69085288048
13.639895916 2.48702192307
65.8143630028 62.491945982
13.4737508297 9.16344404221
13.0553309917 3.13461089134
11.4393010139 1.02505588531
11.3016929626 0.858021020889
10.4824340343 1.50795602798
9.69858002663 0.944929122925
9.10881590843 1.80530691147
8.7673470974 1.2514770031
2.70432400703 0.892925024033
1.05870914459 0.561672210693
1.0435590744 0.650886058807
0.640087842941 0.627554893494
2.60081195831 0.202018022537
9.33253097534 0.533144950867
8.99172306061 2.97354006767
12.3975508213 1.67262101173
12.5257079601 11.2047531605
16.3465199471 3.20478892326
17.5108470917 3.96870398521
15.900575161 9.84447407722
15.1812000275 0.191606044769
14.6118209362 6.85073685646
15.7471010685 3.52292704582
15.9344470501 0.764555931091
15.0115308762 0.603064060211
15.3823399544 0.512763977051
14.8501660824 1.41710805893
15.8978898525 6.14975786209
14.3802890778 1.00504112244
13.9840648174 0.650609016418
201.283633947 0.208302974701
13.0526480675 7.28103303909
77.3576731682 74.009827137
14.0506691933 6.05065107346
12.885972023 3.62607502937
12.3705639839 0.911034107208
0.974813938141 0.575331926346
1.75057411194 0.339501142502
0.434578895569 0.128393888474
2.59172391891 0.0257549285889
7.39871501923 5.43429207802
12.7424740791 1.24514508247
76.67166996 48.6399919987
14.5864608288 1.63459992409
81.287801981 2.5659468174
13.8810257912 1.64274287224
84.4419701099 67.400660038
14.6724278927 1.64248991013
15.1566710472 2.9036090374
14.9943699837 8.24574112892
14.4086990356 1.31733417511
13.3238248825 1.2805891037
12.4999799728 1.64981198311
11.9600930214 2.9951300621
11.2537519932 0.926561117172
11.0354609489 0.525985002518
10.7525889874 0.921396017075
9.82303786278 3.2396299839
11.0512619019 8.18542385101
10.1935958862 5.73977279663
10.5808801651 3.74656605721
9.32379603386 0.80201792717
1.15797805786 0.576614141464
1.61588907242 0.599637985229
0.685862064362 0.164411067963
0.93626499176 0.522291898727
0.436546802521 0.135058879852
2.65374088287 0.717627048492
10.4288089275 8.48008990288
80.9186279774 5.36110806465
15.2696459293 1.11665892601
14.6541399956 4.29625296593
14.2950978279 0.976384878159
13.4927370548 0.610933065414
13.4097101688 3.2244591713
11.9952330589 1.60005998611
13.3155229092 1.21071696281
13.0718328953 3.81061887741
69.2973530293 3.87891411781
12.0315949917 1.6275639534
12.5431289673 1.97725200653
12.2810220718 0.566893100739
12.1266210079 4.00558996201
12.7748868465 1.63292384148
11.8306810856 1.82548308372
10.3607320786 0.89048910141
10.2081480026 1.04139995575
9.28668284416 1.04917192459
8.70110702515 1.66719889641
9.95090794563 0.926259994507
9.12963891029 1.78589296341
8.7147269249 1.13791584969
1.5159330368 1.12033295631
1.05999302864 0.137451171875
0.634305000305 0.450878858566
2.67708206177 0.672488927841
10.2322862148 3.47027420998
12.6977901459 8.63492202759
15.0549139977 1.81861305237
15.9742071629 5.46628403664
14.5722751617 1.4442191124
15.4241089821 2.12033390999
15.1893959045 0.513119935989
14.1075019836 1.06260800362
77.8409800529 64.490571022
15.8407418728 1.48824000359
15.9322412014 1.54828619957
15.8746261597 0.416366100311
15.1087701321 1.62853717804
15.3218381405 1.89019918442
14.1666331291 3.05943894386
15.0211470127 4.24885392189
14.7123908997 5.34175205231
13.1970288754 1.49221086502
11.7278690338 6.73736405373
12.9051089287 4.03235006332
56.6586840153 2.26323699951
1.05706000328 0.635783910751
1.34870409966 0.818531990051
0.471651077271 0.144544124603
2.66353583336 0.53237080574
53.2720389366 25.3656561375
12.157834053 0.516938924789
68.9788079262 66.9008970261
15.503469944 0.207090854645
14.9412660599 2.86448812485
14.726788044 2.48923206329
15.3303930759 3.93310403824
15.4029188156 2.70521378517
14.6501688957 1.64485287666
15.0260529518 0.582454919815
14.271627903 6.43302702904
14.0351350307 3.16351699829
13.8515729904 3.44748210907
14.4970259666 3.50758814812
13.7058820724 4.10068511963
14.4236009121 0.867118120193
14.5511908531 3.1789150238
13.7344419956 2.22411584854
13.8935670853 1.23097515106
13.9370830059 3.77023386955
14.7053821087 4.07237005234
13.4662568569 2.44508481026
2.09817409515 0.618294000626
1.03790998459 0.612382173538
1.04448890686 0.560059070587
0.495038986206 0.354693889618
16.6049170494 11.0193760395
11.3483710289 0.713459968567
14.3036060333 6.49198698997
13.188341856 4.90977096558
13.7091920376 5.81801986694
16.0421218872 2.23849201202
13.437609911 0.670104980469
13.1048419476 5.23509979248
12.8824980259 0.438472032547
12.7438280582 5.46684193611
14.2661070824 6.26623511314
15.2909522057 10.7469930649
15.8812921047 4.09260201454
15.3844959736 1.1296210289
15.2030940056 0.728880882263
14.1920180321 1.06938910484
13.4189050198 2.9404489994
13.5300371647 0.681025981903
12.8442769051 1.76389193535
11.8165669441 0.967816829681
11.778222084 2.11131191254
11.9460840225 0.766129970551
55.7652959824 0.928946971893
10.5369210243 1.74215507507
3.02115416527 0.937816143036
0.895138978958 0.532419204712
1.12420082092 0.586228847504
0.458718061447 0.364267110825
2.68705201149 0.0702769756317
8.38980102539 6.27558708191
13.0985040665 2.36945009232
11.5396718979 0.255873918533
63.8731968403 46.8813188076
11.1515240669 0.33738899231
10.635792017 0.803758859634
10.8406767845 1.90453791618
9.96832108498 0.885493040085
53.4408340454 52.3797810078
12.1740319729 1.99383211136
13.7034480572 0.737859964371
13.1763269901 0.844573974609
13.1555581093 0.656704902649
13.0075979233 1.16801691055
13.2089300156 2.78893589973
12.0099589825 1.08520579338
10.7548780441 0.792845964432
10.5490128994 2.80688285828
9.46309185028 1.23046803474
10.2053499222 2.87359189987
9.46423792839 0.681479930878
9.48848605156 4.87056899071
8.89008688927 1.92528796196
10.5528230667 1.66427588463
10.3745450974 0.663923025131
0.831289052963 0.162310123444
1.53427195549 0.51797580719
0.629150152206 0.162171125412
0.822781085968 0.127696990967
0.43163895607 0.160041809082
2.69805908203 0.0689151287079
8.37062001228 6.33688402176
12.9833750725 1.4009680748
13.0526020527 1.04450893402
14.058013916 2.83694696426
78.0672750473 11.626157999
13.7126529217 0.605675935745
14.2844390869 1.12879896164
14.793186903 6.20520186424
13.5776391029 10.408082962
13.5494351387 0.315083026886
13.2130749226 2.16833281517
14.3717019558 0.511853933334
13.9307229519 7.57478499413
14.5238029957 4.27903604507
13.0049629211 1.02112102509
13.0633120537 2.04915213585
11.5593860149 0.517173051834
10.7872040272 1.23371601105
10.3205919266 0.853680849075
9.34088897705 0.896821022034
9.73773598671 0.97798204422
9.09070301056 1.58638620377
9.60575008392 5.29887890816
55.6060931683 41.388240099
3.15068387985 2.64979600906
0.49408197403 0.487324953079
2.62012195587 0.209692001343
9.3138859272 0.295192956924
8.37861895561 0.226001024246
9.03347706795 5.55958104134
11.3209500313 0.85146689415
12.1769709587 2.28323602676
14.2019710541 2.58661413193
14.2216000557 0.364576101303
13.1359210014 8.63374400139
13.0234930515 2.34434390068
12.9237279892 5.24477005005
13.4009790421 1.25430989265
11.768130064 1.54303789139
12.0836939812 1.11343479156
59.1585140228 32.8709900379
11.0097980499 0.608555078506
12.139852047 0.836613178253
13.500754118 3.34195995331
13.5949361324 0.858719110489
63.8415310383 8.18330907822
12.2347710133 1.87793493271
12.4196100235 1.13487005234
12.7173678875 0.19703578949
12.1774938107 0.638679027557
11.6997010708 0.734329938889
11.0166749954 1.15379214287
10.8570251465 9.18934798241
2.56641292572 0.00693202018738
6.7764840126 5.65342402458
10.5451610088 0.506344079971
50.2270929813 17.3522949219
11.9142558575 0.726249933243
202.813075066 102.561105013
9.84687399864 0.948010206223
10.4477441311 1.03794622421
9.91035795212 0.742022037506
10.1524579525 0.67018198967
10.2840738297 4.95609402657
11.9642751217 0.483586072922
11.9047689438 5.19540882111
12.3618221283 0.369467973709
12.1346750259 0.758373022079
12.0771241188 0.62911605835
11.1399359703 2.13783502579
11.5986998081 1.36562299728
11.628775835 2.05596899986
11.7271080017 2.14863395691
11.8439619541 7.7616250515
12.0624980927 1.55822610855
11.3156468868 0.701195955276
10.9188299179 5.34062790871
10.1888771057 2.62404704094
8.41066908836 3.07682704926
0.944138050079 0.585348129272
0.710707187653 0.190188169479
0.478308916092 0.138300895691
2.59951305389 0.072793006897
8.55663013458 8.47245812416
14.3747410774 0.236679077148
13.6623909473 3.60520291328
14.187306881 1.75202488899
12.5633199215 9.91251397133
81.0958578587 2.86052083969
14.1809940338 7.39245486259
15.4715669155 0.740774869919
15.3222391605 1.22538304329
13.6173858643 2.73282194138
13.9558701515 3.31666612625
14.2867190838 0.493163108826
13.1284248829 1.58450984955
12.1807980537 2.89221310616
12.9857039452 3.20177388191
69.4803869724 8.31226491928
13.5276401043 2.39246320724
12.9914519787 0.66384601593
13.2469518185 0.639873981476
12.8618760109 4.6521229744
12.5475289822 0.65521812439
11.7028770447 1.03049588203
11.6266748905 6.26623797417
10.5325570107 0.838672876358
1.24673604965 0.207658052444
1.73995995522 0.688985824585
0.968854188919 0.441270112991
1.00018286705 0.955031871796
2.67510294914 0.0725600719452
8.37531805038 6.53079986572
12.854667902 1.9390540123
76.755890131 0.992209196091
12.5787079334 0.429130077362
12.1576900482 3.29780101776
11.9266860485 5.01407408714
12.9295010567 0.404055118561
12.4399399757 4.65513491631
12.5000948906 0.359422922134
63.952409029 23.5660309792
12.5048248768 1.08301186562
11.3568270206 3.00327587128
12.0376529694 1.44541311264
11.4849729538 2.87407588959
11.5557308197 1.45946192741
12.1919858456 1.54685688019
11.6421301365 9.51560211182
12.0537779331 1.06077003479
12.6028540134 4.33406496048
12.0363838673 0.812507867813
11.813117981 3.06839609146
11.8949959278 1.20501184464
10.1877589226 3.29799890518
1.2008690834 0.413998126984
0.945274829865 0.611716985703
0.888965129852 0.651536941528
2.59106516838 0.00889801979065
6.60603308678 1.34377002716
49.2422878742 36.3419380188
12.5281219482 0.447334051132
11.5379159451 5.19236683846
14.9356100559 11.0660669804
16.1011581421 0.720185041428
16.5593810081 14.1147239208
18.0583879948 1.85642504692
16.3099370003 0.552411079407
14.6284220219 3.12424397469
13.8606908321 3.31204390526
14.7682561874 7.93879508972
66.9133930206 23.5503280163
13.8103449345 1.75644087791
13.3166811466 0.78912115097
13.6735129356 0.491358995438
13.1445429325 0.913372039795
13.4193229675 1.06169891357
12.5264861584 0.653261184692
11.9507300854 0.472052097321
11.7582168579 1.01246380806
11.7619540691 1.28063488007
10.8390049934 2.08354401588
10.5614540577 2.40153598785
9.10377788544 1.65401887894
1.04719281197 0.29909491539
1.07897996902 0.64000916481
0.75091791153 0.177551031113
0.566706180573 0.347648143768
2.62653112411 0.528980016708
9.10637903214 0.36021900177
7.78573393822 0.953164815903
8.34084606171 3.00992798805
12.964512825 3.44239401817
84.0034880638 75.8895878792
15.9404709339 7.03784990311
16.7792701721 0.532917022705
17.4498989582 3.97548294067
15.5442521572 4.58124303818
15.7084059715 2.97749304771
15.3043892384 1.49215722084
83.5279459953 29.6597809792
15.0904099941 0.652871847153
76.0307779312 9.26144599915
12.9833190441 1.28057408333
60.0419950485 42.0031120777
12.5723571777 0.63290810585
12.6717221737 5.8451461792
12.2597050667 0.398277997971
12.1945381165 3.20121002197
10.5425641537 0.475390195847
10.3234529495 0.657369852066
9.44128680229 1.60847401619
2.93838596344 1.97803401947
1.16288399696 0.239253997803
0.66921377182 0.211303949356
0.872161149979 0.328556060791
0.427692174911 0.38544511795
2.67613601685 2.1549680233
11.8815259933 0.450100898743
10.7519271374 0.527940034866
10.1063950062 2.11096096039
11.1258308887 0.95189499855
11.7541220188 4.61144304276
12.5109601021 1.09708809853
11.219285965 7.59316587448
15.4898719788 2.30377912521
14.9924080372 14.9602799416
17.0437920094 0.663056135178
15.981949091 7.7390730381
15.0113739967 2.87203478813
14.0024781227 0.913552999496
13.1892409325 1.78974699974
67.1490700245 25.9880120754
11.3702769279 4.59757900238
11.3597118855 1.9588470459
10.9540400505 1.41952705383
51.9770219326 10.5925760269
8.83887386322 2.52329492569
44.073266983 7.11135697365
2.56541180611 0.620293855667
0.887083053589 0.865638017654
2.60773301125 0.490000009537
9.06344103813 0.313117027283
10.3630800247 0.987493038177
9.95504593849 2.58105587959
11.2477500439 1.37706708908
10.7285449505 0.336855888367
9.43838214874 0.605322122574
48.7731208801 45.3654668331
13.3375468254 1.03329586983
13.5907139778 0.623425960541
13.5162367821 2.42874884605
14.7164821625 1.42612314224
14.1109240055 0.728290081024
13.978853941 0.348891973495
13.5707399845 6.49738717079
14.4953401089 0.812355041504
14.1366448402 3.16339993477
12.9294199944 3.84515094757
13.9188630581 1.77362895012
63.3109970093 13.2016079426
13.8327720165 4.72559309006
12.6780040264 1.95188307762
12.201169014 1.76183390617
11.4545907974 1.32255482674
10.4769978523 1.70312905312
3.1183590889 1.56612491608
1.19893789291 0.717149972916
0.913156032562 0.539283037186
0.725056171417 0.281669139862
0.492931127548 0.345980167389
2.62042593956 0.512322902679
9.07157206535 0.606273889542
10.6602180004 1.29975986481
9.95864701271 0.526021957397
11.036067009 8.25965309143
13.4193918705 0.939494848251
76.1485772133 5.91638302803
12.5319039822 0.601969957352
11.5476260185 0.509479045868
10.6402649879 1.57877492905
11.0827591419 4.31102609634
54.8522119522 40.5762379169
12.7452070713 2.35086011887
12.8165020943 5.06094908714
10.9145898819 1.11561584473
11.3096837997 3.67861294746
11.5060589314 0.865570068359
12.0767829418 1.05586194992
11.1207640171 1.03115510941
10.7871191502 0.984287977219
10.3609950542 0.753362178802
9.74185204506 1.83437204361
9.08740186691 1.59512090683
9.76260495186 5.20825409889
10.0866141319 0.646558046341
0.840376138687 0.56827712059
1.58692288399 1.15573692322
0.433173894882 0.386136054993
2.63270998001 1.14415502548
10.3815219402 7.06754088402
11.8769130707 4.79083108902
15.4221360683 9.44670891762
14.4174950123 0.52737903595
14.3529419899 4.28171300888
13.3032519817 1.17273306847
12.6646881104 0.468097925186
11.6144030094 1.18257212639
11.7125148773 0.972898960114
11.0395209789 1.02689790726
11.6828229427 3.17111992836
12.7899570465 1.68534588814
11.8551640511 1.54218888283
11.8141989708 1.68652296066
10.8835670948 0.833874940872
10.5483050346 4.92349386215
10.7555940151 0.702584028244
10.6651799679 5.80628705025
57.9070408344 9.60975980759
10.190764904 3.72637677193
9.61501812935 0.925953149796
43.807967186 9.22990012169
9.31070017815 1.18555307388
0.801420927048 0.512717962265
1.08053302765 0.556874990463
0.421159029007 0.238024950027
16.7159328461 10.03034091
11.3361439705 1.27501177788
13.4673810005 0.666432142258
12.6400749683 0.586627960205
13.0324969292 4.13086795807
14.8503580093 0.737348079681
14.8441090584 4.84824109077
14.4422409534 1.65910601616
14.0563960075 0.564742803574
13.5865049362 8.19389796257
14.5677921772 1.69177412987
12.6574718952 1.28914999962
13.3469891548 0.617747068405
13.0189340115 1.22966790199
14.0140948296 0.707263946533
14.0022478104 2.90352988243
13.2099909782 2.67524814606
12.3841850758 0.698369026184
12.2626059055 0.871298074722
12.4826791286 0.892512083054
13.2128469944 0.862099170685
13.5926311016 3.73530197144
73.5527510643 36.8946461678
13.7813839912 0.69052696228
13.4716608524 1.19592094421
3.47866892815 1.22129297256
1.19815897942 1.03161382675
0.863455057144 0.389456987381
0.444357872009 0.157427072525
16.6470150948 3.95924115181
61.2430610657 51.4899358749
12.999104023 2.12189698219
13.8330049515 2.39670586586
13.5412900448 2.16853785515
16.2997670174 3.33054018021
15.7048840523 0.339797973633
15.3222630024 1.00578689575
14.1632430553 0.424957036972
13.4968731403 0.802842140198
12.8538298607 7.91395187378
13.2441649437 2.4859418869
12.928383112 0.197113037109
12.6732459068 1.17668485641
12.4526059628 0.335886001587
11.9782009125 1.3190279007
11.9054679871 0.64192700386
10.9986021519 1.31687808037
11.1580219269 1.30447101593
10.7811489105 5.58052301407
11.6146759987 1.02849698067
11.3727478981 0.904774904251
10.7619819641 1.08505392075
10.6317751408 0.919975042343
10.2007620335 6.63806200027
8.93874597549 2.39313697815
1.55382585526 1.34142303467
0.917100906372 0.37079000473
0.439242124557 0.398571968079
16.2761340141 13.2818880081
11.3517148495 0.624652862549
9.79525208473 0.173027038574
9.59467792511 0.361280918121
11.0751450062 1.38604283333
12.4731869698 0.857710838318
14.5719850063 6.01930403709
16.4787008762 1.15992283821
16.0196809769 6.96879506111
16.7407159805 0.611227035522
15.8948540688 0.540508985519
14.6358020306 1.26683187485
14.0297179222 3.65383195877
14.5578711033 3.34635996819
14.9867470264 6.69476294518
14.6720659733 11.1394348145
13.1401431561 1.47490811348
12.9106588364 2.00618886948
12.2575509548 0.649780035019
11.6915390491 1.16406297684
11.2268109322 0.600624084473
10.7559800148 3.19919109344
55.8605759144 35.4435648918
10.6754641533 5.97099709511
9.87778902054 2.10857701302
0.893357038498 0.536190032959
0.895985126495 0.538859128952
0.456411838531 0.136239767075
2.6306271553 0.512926101685
8.99936509132 0.515418052673
8.67150998116 1.84233498573
10.7612168789 0.417057991028
10.0082678795 1.22481107712
10.1617310047 0.42019200325
10.5187349319 2.60374307632
11.2045779228 6.68053483963
12.2454750538 0.475906133652
12.7765469551 8.27212691307
14.8387889862 0.697314977646
14.8388180733 3.04158091545
13.8709681034 1.51596021652
75.1976699829 9.83061504364
14.9097781181 2.72366118431
80.9837357998 12.0173959732
14.9975039959 0.669708967209
74.5549840927 1.46089911461
13.6279392242 1.32890319824
12.4727311134 2.68669915199
11.9125549793 0.467082023621
11.2979450226 1.10296297073
11.6383531094 4.3571600914
11.5411450863 2.00115203857
11.3813529015 4.05719089508
1.675563097 1.015666008
0.66598200798 0.527276039124
2.6368868351 0.211004972458
54.2609660625 4.00345206261
11.9397270679 0.309055089951
11.6732470989 0.636924028397
11.6792860031 0.871392011642
13.4297370911 3.00101709366
14.7665450573 1.25831103325
14.7629971504 2.88986611366
13.6197450161 0.689894914627
13.4790220261 7.94651317596
14.4153690338 1.04253292084
14.5165009499 2.23853302002
15.3064870834 6.34417915344
15.1156361103 3.003688097
13.2843329906 0.888933897018
13.9155809879 8.05146098137
13.7310569286 4.00614786148
13.4861111641 0.718212127686
12.4364929199 1.85344004631
11.5738999844 4.8227250576
10.3588130474 1.46220898628
43.8491120338 3.87595915794
9.40846419334 5.65233302116
8.66395115852 3.14311504364
0.683038949966 0.654990911484
2.64975214005 0.795011997223
10.279307127 0.943114995956
49.1730098724 15.3671088219
11.3738908768 0.234442949295
10.3691909313 0.644608974457
10.3431851864 1.88417720795
10.569934845 0.198753833771
11.1836490631 9.83337020874
13.5345261097 0.34779715538
13.3204488754 2.88686800003
12.7263720036 1.42144703865
13.0778028965 0.720566034317
12.2214581966 9.23585510254
13.1817071438 1.75200819969
14.0115540028 12.7644100189
13.4855811596 1.23439598083
66.1205971241 44.3713111877
13.5392420292 1.6368689537
12.6323270798 9.14549803734
12.306030035 0.761729001999
11.8459670544 6.93515300751
12.1855828762 1.85598897934
11.212569952 2.35051584244
1.2964618206 0.557344913483
1.0106420517 0.245932102203
0.726827144623 0.380890130997
0.721608877182 0.649739980698
2.61745405197 0.212806940079
9.358273983 1.23352694511
11.8773071766 0.314942121506
11.4461629391 0.293538808823
10.6455719471 2.9350130558
10.720687151 2.61469602585
13.6415178776 3.57500004768
13.8894040585 0.786279916763
15.3027238846 1.37500596046
14.8945150375 2.56876397133
72.4505939484 41.2888600826
13.4629461765 4.39368319511
13.6639199257 9.80445814133
13.9904780388 9.84731912613
13.7385561466 2.88342499733
12.2352690697 3.5698800087
70.5911870003 59.731194973
12.0182878971 0.959395885468
12.8168840408 2.14350295067
11.1810369492 1.06118988991
10.844408989 2.01780581474
10.6424770355 1.2626349926
9.98074793816 1.78480100632
1.23607206345 0.589090108871
1.22547507286 1.21907615662
16.7332878113 9.2349820137
11.1843209267 9.34725308418
13.9358670712 0.644748210907
12.454267025 1.46397185326
11.655272007 0.754718065262
11.5618839264 1.3170440197
10.3896811008 0.21616101265
11.3176579475 1.56746602058
12.5352921486 1.25486707687
14.6294739246 0.654422998428
14.3078799248 0.598481893539
14.0267140865 2.6265630722
15.4731838703 0.385968923569
14.9183139801 1.46415185928
14.4983780384 1.72633194923
13.5763840675 0.340965986252
13.4041569233 9.07377290726
12.0332579613 2.05308794975
12.0372037888 3.10104489326
12.4662048817 1.5245308876
61.5362679958 10.4901170731
11.4443180561 3.35274505615
61.9038162231 5.73519611359
12.680218935 3.01641392708
12.3406989574 1.60359597206
1.29317593575 0.980630159378
1.25562906265 0.523944139481
0.481187105179 0.172575235367
2.68583297729 0.243766069412
9.35971999168 2.36374497414
8.45044183731 0.909316062927
9.1051440239 3.53983688354
10.9298901558 1.77643108368
10.2838768959 1.98149204254
55.6342308521 15.0174238682
12.5071790218 3.80876898766
12.0193147659 6.28563284874
13.4612169266 9.31362390518
13.555519104 0.463168144226
13.2713799477 1.30154585838
14.4401068687 0.742396831512
13.8908901215 3.07073807716
12.8861968517 1.26430892944
13.6864578724 1.23764681816
12.2888240814 2.48485302925
13.2941060066 0.512778997421
67.0527329445 1.12151193619
13.2829699516 3.53664708138
12.7735071182 1.95998191833
12.2707431316 0.968375205994
11.9856719971 1.14204096794
11.368571043 1.22431588173
1.12424612045 0.519860029221
1.23448109627 0.891533136368
0.674633979797 0.456684112549
0.485146045685 0.277721166611
2.603110075 0.025249004364
7.37825393677 1.16957306862
9.45063591003 0.5545399189
10.8882329464 0.284351825714
10.4184889793 4.53517198563
12.8704669476 0.236544847488
12.7339248657 9.52117681503
14.393362999 2.42590594292
14.4163849354 0.49057507515
14.5541801453 1.08210301399
13.8345589638 1.05519199371
12.8865280151 5.57134699821
12.4552969933 0.723394870758
11.8102419376 0.829206943512
12.4224901199 12.3026361465
12.2205340862 3.24271702766
59.992784977 39.2019760609
12.1547870636 1.17683005333
11.6880810261 2.59803009033
10.7485489845 1.2365758419
10.4246759415 2.01229286194
10.0471000671 2.07420706749
39.4710600376 6.51477503777
8.51769709587 2.32003498077
2.81772398949 0.958276033401
0.959794998169 0.52938580513
1.1686091423 0.805123090744
0.695163011551 0.567836999893
2.61513400078 1.19024085999
10.507806778 4.04158687592
12.9777340889 2.78950214386
58.4525718689 23.596216917
11.7522749901 0.508203983307
12.1554400921 0.577069997787
11.2543799877 0.253714799881
10.9546570778 4.72764706612
14.2711789608 5.67241406441
15.6180911064 0.475226163864
14.9388468266 13.0689089298
17.011729002 0.584640026093
16.028085947 12.1503179073
14.5316390991 3.4486451149
12.737169981 1.06625199318
13.1436429024 1.07807803154
67.9925429821 1.93663787842
12.3104028702 0.666553020477
12.1343431473 0.301584005356
11.8154768944 4.06576490402
12.0286519527 1.68860602379
11.5832350254 2.60209703445
10.5854158401 3.66350388527
11.2980508804 4.00795698166
1.64354085922 0.757907867432
0.640033006668 0.386854887009
0.866641998291 0.426650047302
0.467365980148 0.172763109207
2.63429999352 0.18906211853
9.1657140255 0.385751962662
45.5401070118 12.0917150974
9.50516986847 1.38982892036
9.22109484673 0.950301885605
10.824411869 1.29935789108
9.72801113129 0.302192926407
9.11798715591 1.1717941761
8.68054389954 1.45726490021
9.21056985855 0.645828962326
9.53047919273 1.07366418839
10.9020938873 0.606688022614
11.2179820538 0.664105176926
10.6076359749 4.3905620575
10.581182003 1.89318990707
14.0417649746 0.633817911148
13.0762450695 1.83497810364
12.1564850807 2.94067001343
11.9649970531 1.31653809547
54.7605059147 8.3647608757
10.7101209164 4.97453713417
12.3688869476 6.18688201904
10.8171291351 4.66113710403
10.3929469585 2.70618796349
9.28731203079 1.34506893158
0.971289157867 0.872950077057
2.60841989517 0.494280099869
9.07703089714 0.602257966995
61.1514029503 1.23710083961
10.9805111885 0.471248149872
10.7762172222 1.7143740654
59.8118729591 6.62370586395
11.8428630829 1.0068230629
64.3445940018 61.2962310314
14.9215259552 6.83235096931
15.6639170647 2.94125390053
14.0466940403 1.28355813026
14.9170808792 2.77419900894
14.5358021259 1.45861697197
13.8862321377 1.17279410362
13.8514630795 10.7534770966
14.7271819115 3.12459492683
13.6368489265 5.16259384155
13.720954895 5.57680892944
13.637789011 0.629897117615
13.1805100441 1.07580900192
12.7289988995 1.98785591125
11.6830670834 2.87759304047
10.6183381081 2.15882897377
10.2321360111 1.31639695168
1.6512260437 0.411170959473
1.20705699921 0.512811899185
1.17516303062 0.157547950745
0.676004171371 0.516168117523
2.62650799751 1.31580114365
10.000672102 2.79829192162
12.4248819351 1.60410094261
13.3630719185 0.936871767044
15.0800020695 6.11251592636
16.0637791157 3.53868508339
16.4260048866 0.722846031189
15.6791050434 3.66080904007
16.7588429451 0.606416940689
16.3295698166 5.6666200161
15.9329748154 3.51363897324
91.0925910473 0.933248996735
90.7389640808 51.499325037
16.0616590977 0.327126026154
15.40989995 1.41023397446
14.7003421783 3.419257164
14.9837801456 12.8180031776
17.021023035 13.7197999954
15.3572030067 1.68441700935
14.121544838 2.81859397888
13.0796639919 7.36636209488
11.673183918 1.80111694336
3.33620810509 0.666476964951
1.23914003372 0.325731992722
1.27203202248 1.03928422928
0.985580921173 0.426765918732
0.482867002487 0.212560176849
16.7369828224 8.84338593483
11.217872858 1.13367891312
9.37973690033 3.64785790443
61.8274841309 20.4804730415
13.5561180115 2.02151894569
13.8026070595 3.73039317131
13.4089491367 0.314031124115
12.3702430725 0.859102964401
12.0175149441 4.16400790215
12.7897748947 5.33980298042
14.7764780521 1.60730314255
15.0311141014 0.621704101562
15.971462965 3.52392292023
15.3149108887 2.69964790344
14.6831710339 1.05057787895
14.105150938 8.84014987946
13.5057981014 3.18968391418
12.2881810665 0.489415168762
11.6902270317 6.50182795525
11.0537819862 2.37954211235
10.8703348637 2.7077460289
9.36768198013 1.35739994049
1.64831805229 1.44896697998
1.22265815735 1.02867603302
0.47864818573 0.339554071426
2.68174004555 0.240557909012
9.36564397812 0.913194179535
42.2532160282 5.61819696426
7.62376689911 1.32987594604
9.69078612328 0.403257131577
9.29798412323 0.965049982071
9.8456029892 2.12515091896
10.8988208771 4.62338590622
60.1403520107 42.5994811058
13.5187730789 0.271133899689
13.0002400875 12.9904949665
14.2156429291 6.57299399376
12.8745219707 1.17472910881
12.5492022038 2.99772810936
12.0521819592 4.68496608734
12.3460490704 0.616787910461
12.0900299549 0.288381099701
11.9775559902 0.559918880463
12.0220410824 1.90743207932
11.7651460171 1.75448894501
10.8100860119 7.89947295189
11.0221707821 1.23501682281
10.480946064 1.05019497871
10.6643271446 1.26936101913
1.68523693085 0.720685958862
1.17435908318 0.166410923004
0.901381015778 0.374063014984
0.902678012848 0.218930959702
0.681763887405 0.304202795029
0.684027910233 0.196350812912
0.476405143738 0.455311059952
2.63427519798 0.188807010651
9.18776988983 0.266013860703
9.43007993698 0.400037050247
8.80154585838 6.33694577217
11.5246281624 1.96896004677
11.8142418861 0.684906959534
12.4006860256 0.369072914124
11.6205120087 0.907386779785
12.2121608257 0.398540019989
10.9731230736 0.737972974777
10.4104030132 1.9374859333
11.714277029 0.671330928802
10.7144260406 0.460844993591
10.2268660069 1.39286994934
11.1566569805 0.461982011795
11.4497699738 0.640555143356
11.3386099339 1.01324987411
12.0900070667 0.610469102859
11.2591609955 1.82351088524
13.3466980457 1.22333502769
12.913159132 0.674169063568
65.3615400791 0.750993967056
12.0306749344 0.467750072479
68.1643898487 53.7741990089
13.8679759502 0.577566862106
74.3748979568 56.7211899757
12.9148750305 4.22947406769
13.6601510048 5.06374788284
1.24446201324 0.636887073517
0.681392192841 0.545183181763
2.65701723099 0.775425195694
61.0362718105 43.2156069279
13.5309228897 3.80026292801
13.5451669693 0.745838880539
13.5722439289 1.33114504814
12.1673700809 7.50525903702
14.1220760345 6.34979391098
15.248691082 6.12360692024
16.0505399704 0.492767095566
15.479984045 0.756731987
14.8013410568 5.73199319839
15.7350270748 2.09637284279
15.516767025 1.83783507347
15.4287488461 1.70167398453
14.2640340328 1.24835300446
13.2698509693 1.37383413315
12.2753000259 1.66071915627
11.2322921753 2.51259994507
10.223334074 0.481791973114
48.6828069687 10.296309948
10.2826728821 3.83985304832
8.9782679081 0.22690987587
8.84064984322 1.64246201515
8.49915504456 3.61308407784
2.7614440918 1.99279403687
0.713529109955 0.706053972244
2.64526891708 0.491333007812
53.2057249546 49.2400288582
10.6283020973 0.489581108093
10.1313951015 3.94248890877
13.1829230785 4.91418910027
12.2585980892 1.77074313164
11.7429010868 2.48621797562
13.751060009 0.797149896622
13.4530651569 2.81511902809
13.6881968975 0.329607009888
12.557005167 2.19764304161
12.8582811356 2.05403399467
11.401665926 0.352966070175
11.448127985 6.24756479263
11.6382331848 0.547408103943
11.494797945 1.20156693459
11.8303070068 0.656130075455
11.5203950405 4.2555410862
11.0119059086 0.772056818008
52.8407840729 2.48587703705
9.60506916046 0.3416929245
9.80285787582 2.89510297775
9.98953390121 0.408257007599
9.93414497375 0.241433858871
9.67907094955 1.51328992844
11.0096490383 2.98069810867
9.59839916229 0.502622127533
1.12287306786 0.854827165604
2.77612185478 1.00734877586
0.454707145691 0.387426137924
203.078234911 170.085080862
11.2476389408 0.442215919495
12.4204249382 0.47821187973
11.5145969391 8.46149086952
11.9440989494 0.251374006271
10.7939779758 4.19479012489
11.9298410416 1.96644806862
12.5118710995 2.09200716019
12.4982419014 2.32741093636
13.4198560715 9.14776396751
13.1189358234 0.223080873489
12.9155349731 8.7042901516
14.5368959904 3.41739296913
15.6488599777 2.10029792786
14.1343860626 1.57915592194
13.3766460419 8.27655410767
14.3308250904 0.797299146652
14.5349330902 4.3089389801
13.8717308044 1.19204282761
13.4460530281 1.25773906708
12.0277950764 1.46793413162
10.9618871212 0.474498987198
10.9249529839 0.816936969757
10.3583538532 1.03156089783
10.2106809616 1.02479696274
1.69083309174 0.701076030731
1.62265992165 0.527034044266
0.860070943832 0.61282491684
0.881460905075 0.62876200676
0.477671861649 0.325485944748
2.60390591621 0.0689318180084
8.35385012627 2.58252096176
12.4147491455 0.548143148422
12.9253110886 1.98332309723
12.1602339745 0.381994009018
11.794467926 1.88722205162
68.8749229908 6.36081504822
13.0203609467 0.77211689949
13.2776041031 1.00423312187
13.1345160007 0.951263904572
13.518955946 0.824500799179
12.4387040138 0.952467918396
11.6101238728 0.927428007126
11.1033699512 2.49218797684
10.7451088428 0.706138849258
10.7018890381 1.67405104637
12.4838709831 2.91808009148
13.1301269531 7.07748699188
12.2273910046 0.62757396698
64.7944848537 37.7334349155
10.6777060032 0.664578914642
10.2939991951 1.09792113304
11.1216011047 0.599597930908
10.5796730518 1.8097319603
9.44903707504 1.99000811577
9.25683093071 1.53023695946
9.16812491417 0.528195858002
1.67390203476 0.641088008881
2.9467279911 1.0504219532
0.914654016495 0.499556064606
0.903393983841 0.544630050659
0.454216003418 0.292011022568
2.61268019676 0.0677990913391
8.66577911377 6.52387499809
13.0206229687 9.49974107742
14.120732069 4.97077989578
81.6948401928 60.7594079971
14.5477221012 0.808808088303
13.4091470242 12.4364130497
14.8254020214 3.07806420326
14.1620872021 0.848389148712
12.7873609066 1.34436893463
74.34156394 71.4191629887
14.8690669537 1.03134202957
14.2897250652 1.91764593124
13.7838659286 2.2630739212
12.4878110886 0.421904087067
13.1157472134 0.777287006378
12.0808179379 1.17857289314
11.6872119904 0.43981385231
11.254981041 1.11964392662
10.9692289829 1.08826494217
10.173101902 0.742766857147
9.64202713966 0.929485082626
9.394094944 0.973259925842
8.55264902115 0.938546895981
9.71322083473 1.36088085175
9.86025214195 0.981394052505
1.13475108147 0.680551052094
1.55113101006 0.881733894348
0.679219961166 0.619434833527
2.63319206238 0.584110975266
10.2309880257 6.90149688721
13.7369680405 1.58926701546
12.1904540062 11.4512579441
79.5680379868 2.55001187325
15.149818182 1.13602018356
15.615375042 14.4985151291
17.2185938358 5.4385099411
16.2634489536 1.08363986015
15.8603129387 3.56858897209
15.0265991688 0.490597009659
14.3142149448 1.04422283173
14.1572060585 0.55437207222
13.78697896 1.5367898941
13.0598130226 2.66128206253
11.2354331017 1.65892910957
62.711152792 61.688218832
12.2864918709 0.513981819153
11.9928839207 1.1209590435
11.867401123 2.91608214378
10.6493527889 1.20503997803
10.1518058777 1.41957592964
9.78107118607 1.03967213631
10.3335900307 1.26370096207
1.57811498642 0.509683132172
1.14120101929 0.882392883301
0.864768028259 0.150209903717
0.444591999054 0.161191940308
2.62403392792 0.500624895096
9.2955160141 2.56557202339
11.4622888565 0.53365778923
10.6160781384 5.82566809654
12.2299149036 2.15612483025
77.6599860191 4.0044798851
14.3373310566 0.831536054611
75.2941119671 0.283814907074
14.1157150269 0.488811969757
13.2435138226 0.597857952118
12.6501989365 0.178396940231
12.6638600826 4.7467520237
13.0842730999 5.6430721283
13.8473091125 0.473664045334
13.5550298691 3.58204483986
13.5785028934 6.55919885635
13.0810461044 4.50886201859
12.1915328503 1.9693748951
10.7345819473 0.56206703186
10.2172169685 1.26724791527
9.55839920044 1.83168315887
9.44908809662 1.19221901894
8.93389511108 1.97873210907
8.86535000801 2.91590690613
8.5877969265 2.88822388649
46.8792178631 7.9391450882
1.2441740036 1.09846997261
0.892882108688 0.324105978012
16.5592927933 3.99410295486
10.4105961323 0.63930106163
13.0310459137 6.31672477722
15.5046520233 2.71449112892
15.4195911884 14.130972147
15.8314039707 0.355695962906
15.8696751595 1.36661410332
15.013874054 2.63767886162
17.3565900326 2.81904292107
16.4264290333 2.03189706802
16.143102169 1.93616819382
15.5704181194 1.22388195992
16.2776520252 0.610883951187
15.1040599346 0.689435958862
14.3123819828 0.646222829819
13.8019719124 2.16705584526
12.8248920441 0.501870155334
12.8137121201 4.10370898247
13.0909800529 3.36238098145
11.8838999271 1.73876595497
11.8988599777 3.3014819622
11.301213026 1.6898651123
10.446231842 1.48012399673
44.0747089386 16.6912779808
8.96879315376 2.89398503304
0.897107124329 0.314810037613
0.885490894318 0.617568969727
0.678236961365 0.471708059311
0.459297895432 0.456976890564
16.4949541092 0.872878074646
9.36790299416 7.13178706169
75.2509889603 0.580402135849
12.9518158436 1.03280496597
12.2742431164 1.07299613953
12.6938490868 1.20489311218
13.2482550144 1.1743080616
14.2015771866 2.70705318451
74.5287220478 22.5776920319
13.9524269104 1.20760703087
14.1371440887 6.14008617401
14.5024840832 3.80134105682
14.3836290836 3.24285411835
15.5402297974 0.254536867142
15.2141051292 2.16775918007
14.0663509369 1.56822490692
13.2170329094 0.643296957016
12.6395378113 0.816622972488
12.0258989334 0.770587921143
11.2021520138 0.281782865524
11.1590430737 0.230968952179
10.6972329617 0.336287021637
10.3319129944 0.377431154251
10.0843131542 0.721615076065
10.1189060211 1.44087505341
10.3206670284 0.175987958908
9.82080197334 0.826678037643
9.54817914963 0.205188035965
9.47130608559 1.44406414032
9.56997108459 0.530468940735
9.18672204018 1.33105397224
8.49950814247 0.497039079666
1.17587804794 0.397826910019
2.62176203728 1.13101601601
10.3309090137 0.710392951965
9.94770812988 0.727337121964
11.0097429752 9.67808008194
12.2417008877 2.5538380146
13.9093270302 1.86830091476
12.3821630478 0.0949740409851
72.0327467918 16.0425488949
12.5255179405 0.770556926727
11.872246027 0.95311498642
10.8922300339 4.51970505714
13.1875238419 5.17900395393
74.4041569233 8.97140812874
13.12657094 1.78125286102
13.0229558945 0.643934965134
12.4109318256 4.88386678696
13.0404510498 2.71928310394
11.8569569588 0.836367845535
11.5006167889 4.8359568119
10.6381108761 1.36044001579
10.0925838947 3.04500389099
10.7009749413 2.99036812782
9.70693588257 1.48198795319
2.97051382065 0.936247825623
1.1085319519 0.633997917175
1.09729599953 0.581074953079
0.656034946442 0.433278083801
0.672286987305 0.525136947632
2.66218996048 1.2282500267
10.3336088657 3.31848287582
13.7048158646 1.68775200844
13.3923609257 4.11490011215
65.8352231979 1.94573402405
13.1666550636 6.51695489883
14.3002979755 11.9196131229
17.3049249649 17.0356388092
17.5333859921 0.417959928513
101.523638964 66.1992940903
19.7382760048 2.03042697906
20.9920709133 4.67125797272
19.3273210526 2.91065216064
17.9139170647 1.20211219788
16.7266941071 0.617688179016
16.5764791965 1.54847812653
15.1194081306 1.0490591526
14.9307370186 3.74928498268
15.2503330708 1.81332397461
14.4781239033 1.38355207443
13.523982048 12.1267850399
13.6027770042 1.83821201324
3.74818992615 1.47161197662
1.3444340229 1.18997311592
1.11400198936 0.7720952034
0.521602869034 0.169295072556
16.4339199066 13.3667929173
11.328099966 0.967297792435
9.50199103355 1.74234390259
11.6549479961 1.06285500526
10.3620541096 0.554125070572
11.4114229679 0.230082035065
11.0742018223 4.02118992805
10.8614518642 0.374449968338
10.3049919605 4.86762499809
11.726131916 0.545699834824
12.8671319485 5.1029779911
13.6901059151 1.92522597313
16.1845431328 7.3675661087
15.4411830902 1.61570596695
15.5775799751 1.64031982422
15.4800260067 3.06028199196
13.9619350433 11.9516680241
13.2376439571 3.67948508263
12.8895440102 0.811641931534
12.0406019688 1.57462000847
11.720607996 1.53594899178
10.5245759487 9.04677391052
55.1289219856 35.4812550545
10.1757669449 1.33813691139
0.729004144669 0.549638986588
2.64096403122 0.081374168396
8.46080708504 2.60859894753
12.2857069969 9.46612596512
13.3061439991 9.79087495804
13.9630169868 0.626358985901
13.8519649506 0.981828927994
13.2141661644 0.300881147385
13.5762240887 1.18742609024
14.0221779346 1.13506293297
14.2693171501 2.88262701035
15.5141189098 7.02434301376
15.0093650818 1.39459705353
14.2927570343 0.952300071716
14.0731611252 3.4338259697
15.2025489807 1.95754003525
13.9956359863 3.51802110672
15.4009819031 1.98668289185
76.8612048626 12.7888569832
71.973484993 68.474506855
14.2636928558 2.35461807251
14.0106959343 1.3603348732
13.8148639202 0.810628890991
13.2809200287 0.283298969269
3.84545302391 0.720624923706
3.92346906662 0.291074991226
1.38959002495 0.228446960449
1.925552845 0.276062011719
0.987190008163 0.378105163574
1.35355997086 0.796081066132
0.737051010132 0.352975130081
0.761787891388 0.428581953049
0.493124008179 0.427389144897
2.64811301231 0.220613002777
9.30107998848 6.98679900169
74.5987131596 17.1235339642
60.106869936 1.02013301849
9.75580716133 0.614426136017
10.8180189133 0.631851911545
11.2286641598 1.83617901802
12.013053894 0.813982963562
11.4634020329 0.314920902252
11.6964259148 0.263643980026
11.8551909924 0.149490833282
11.2623400688 1.5652680397
14.4464969635 2.11427497864
13.3490309715 0.374258041382
13.6955239773 0.698698043823
13.6938400269 0.61488699913
13.1081440449 3.3869600296
13.7845520973 7.16204714775
15.2908132076 4.47827219963
14.7116148472 2.30971384048
14.065500021 1.47715091705
13.2568559647 1.12681102753
13.4205088615 9.92504692078
12.9894080162 0.969604969025
12.7049338818 1.54627394676
11.184967041 1.55339598656
3.03180789948 0.931524038315
1.16482114792 0.566157102585
1.14568591118 0.58759188652
0.66762804985 0.444612026215
0.662925004959 0.181316137314
0.455965995789 0.205209970474
201.079293966 172.142993927
11.0607669353 0.417174816132
9.9353351593 2.61243200302
11.3215880394 0.347192049026
11.4212100506 6.39368414879
12.7275409698 5.50853490829
14.6984131336 6.87233614922
14.0492780209 4.10931921005
15.7467429638 1.10240387917
14.4179229736 2.10864710808
14.2358679771 1.05285787582
13.0612518787 1.34457993507
12.4349899292 1.41811704636
12.4186849594 10.8689758778
15.1207089424 2.336124897
15.9378550053 5.39956998825
14.7913150787 3.61461615562
12.3558208942 6.38755488396
10.8948040009 0.954699993134
10.321010828 0.895823955536
10.0591847897 1.55344200134
9.14938807487 0.829760074615
8.73011207581 2.39794707298
1.57195186615 0.609889030457
0.884577035904 0.575721025467
0.888855934143 0.255728006363
0.456773042679 0.381570100784
2.6330499649 0.0812201499939
8.30131387711 0.165767908096
7.71673512459 2.86638498306
10.8037490845 1.35462808609
11.0537199974 0.392769813538
10.7961931229 1.60180211067
10.9690420628 0.458230018616
10.6712930202 5.53498196602
13.1602017879 0.498818874359
12.6419808865 0.15195608139
12.1332349777 2.41195297241
12.7573330402 4.82200217247
11.9915480614 2.8007941246
12.9948470592 6.31829500198
14.6688117981 4.01102900505
13.8468089104 8.25897693634
68.5532300472 5.54236888885
66.2449281216 29.8158910275
12.2507269382 1.19198989868
11.6497979164 1.81026697159
12.1788239479 11.5301709175
12.9498839378 1.7838139534
12.0361468792 1.59708094597
1.75912809372 0.681822061539
1.24427390099 0.886165857315
0.955084085464 0.661952972412
0.462616920471 0.274679899216
2.63691282272 0.0290050506592
7.3466489315 0.516180992126
8.67565512657 0.415987014771
7.98247909546 2.34516620636
8.99335813522 0.867449998856
9.28015589714 0.77806186676
12.2185389996 2.01970100403
13.3569440842 0.432450056076
12.6637949944 2.5505168438
11.71170187 2.62626791
13.4140169621 3.13549685478
61.493475914 30.0025429726
12.3880610466 0.337470054626
12.3100090027 0.930397033691
12.3111689091 0.877685785294
11.7328188419 0.69998383522
11.6454970837 11.0909800529
11.8386318684 7.90429091454
11.5851309299 1.73726892471
11.4152941704 1.13408613205
10.5894258022 1.74009394646
10.1406359673 1.82296991348
9.27143192291 1.21923089027
38.8323309422 2.05755090714
7.50650000572 0.58384013176
7.79618692398 1.98601293564
1.36092996597 0.74668097496
0.908801078796 0.86731505394
2.72666406631 0.233029127121
9.2071928978 0.193700790405
9.85967302322 1.26999902725
11.6263980865 1.57736301422
11.0366761684 6.59436511993
10.7714519501 8.68193101883
12.961181879 0.461108922958
12.0962588787 2.12507891655
10.6890039444 0.868381977081
11.1820399761 0.304580926895
10.2104477882 1.40359282494
11.2390651703 0.593041181564
55.9086120129 34.6690568924
76.2183749676 33.9707968235
15.7059419155 4.70891284943
14.5356738567 1.26076483727
15.347867012 1.25217318535
14.8178210258 0.695988178253
13.9630420208 2.1252310276
14.6416218281 2.18134689331
14.3282949924 0.851632833481
13.8672609329 1.93938302994
13.3806061745 2.53986215591
12.2009801865 0.244052171707
11.9092609882 1.04263997078
11.9350559711 6.34709501266
3.4565050602 0.583779096603
0.714901924133 0.274570941925
1.78700399399 1.12566113472
2.63525104523 0.0269520282745
43.5852518082 0.243213891983
9.49609208107 1.2211329937
11.232517004 1.18608903885
10.7034809589 3.77119517326
11.9947369099 0.750597953796
11.8613140583 1.67086005211
13.9978511333 4.82867693901
14.1233949661 1.16338515282
14.8499879837 4.11457300186
16.3419890404 7.38095903397
14.9795150757 0.791744947433
81.5923740864 1.01390814781
15.5058689117 5.16638493538
85.6917040348 3.33577084541
16.2407679558 4.06466603279
16.4753060341 1.06309294701
17.9215621948 15.9816160202
16.8745689392 2.74540495872
15.7740769386 0.724762916565
15.0706458092 2.19770598412
14.9031569958 8.20495700836
14.2952308655 0.684252023697
4.05734300613 1.20526504517
2.02307987213 0.680363893509
1.06820678711 1.06815195084
2.61996293068 0.71884393692
10.3710529804 0.28913807869
9.18887400627 0.356768846512
11.0386910439 1.45544600487
10.0960769653 4.17102503777
12.5853161812 2.52187418938
12.9233241081 0.907343149185
13.4868311882 1.14462804794
13.7128670216 0.887097835541
12.4802291393 2.60190010071
14.9117100239 0.638787031174
75.1268341541 1.09147310257
85.022892952 24.9503629208
17.0873959064 0.590700864792
16.8940029144 1.3119430542
16.3425080776 11.4839549065
15.5340690613 7.89644122124
15.5020730495 2.37565302849
15.2661099434 5.97787690163
14.1463329792 2.08441591263
14.4346680641 12.3420059681
13.3555190563 1.63566207886
12.6800858974 0.802489995956
12.2428028584 1.54090094566
10.8989350796 0.808315992355
1.83617711067 0.553951025009
1.81886792183 0.242109060287
1.01257395744 0.192761898041
1.26374101639 0.303884029388
0.724729061127 0.185173988342
0.975775957108 0.799086809158
0.483577013016 0.345747947693
2.65626502037 0.219012975693
53.7454481125 36.1803531647
74.6126329899 17.6303009987
17.7241740227 2.43314480782
17.0332911015 0.651772022247
17.3439769745 0.778241157532
15.5913431644 2.79617619514
14.7837460041 8.18198490143
17.5966501236 1.50548195839
19.2139160633 10.7742421627
18.0603737831 3.3324649334
15.157487154 7.29564714432
14.8950550556 7.81212496758
14.0277838707 0.984189033508
13.8618159294 10.6595029831
13.3559031487 0.590867996216
12.7726240158 5.02899098396
11.1324880123 1.38130307198
10.1385579109 1.31598997116
9.79934620857 1.41941714287
10.0986278057 1.13922190666
10.2958080769 2.77623510361
9.78200793266 0.375957012177
3.10958194733 0.639212846756
2.98371696472 1.04083490372
1.22293901443 0.205389976501
0.930729866028 0.684186935425
0.900751113892 0.550837039948
0.465739011765 0.149298906326
16.9147691727 2.55508804321
9.78316903114 0.463258981705
9.87096309662 1.34465503693
11.1372852325 7.78921818733
11.3589851856 4.48443317413
11.4494800568 4.5769340992
11.4559860229 3.66651105881
12.0427598953 1.26377701759
69.8753528595 50.8155229092
16.0558648109 3.4423289299
15.4016399384 3.27465295792
14.4597020149 5.70569705963
14.3333320618 0.554275035858
13.1439430714 0.842809200287
12.6808581352 9.69291496277
15.7913551331 3.120262146
18.4973139763 1.93001103401
14.3896491528 1.71411705017
13.2382249832 1.25317311287
12.2239048481 1.50544595718
11.7370500565 3.08973097801
10.2812299728 0.71965098381
9.7060148716 0.952399969101
9.53719305992 0.751212835312
1.65346002579 0.868969917297
1.67586112022 1.37752795219
1.26287579536 0.522268772125
0.693989992142 0.328848838806
21.3548569679 20.3129270077
70.3772921562 0.997966051102
13.1164629459 6.74160504341
13.7254879475 1.40004396439
15.9153800011 2.65984487534
16.4981050491 1.21034407616
21.4273209572 13.7355268002
14.9398329258 0.543618917465
14.9334611893 0.826549053192
12.3482279778 1.03860020638
12.5478777885 0.706950902939
11.4432160854 0.502232074738
12.9139931202 1.57920217514
8.56086206436 0.248952150345
9.88540196419 2.10108590126
12.6681768894 0.572447061539
10.1694991589 1.35458517075
9.29863500595 0.626147985458
8.49652719498 1.95224809647
9.50061607361 0.773123979568
7.76068115234 1.22408604622
8.66096687317 2.50311183929
9.05949902534 1.42437791824
8.91323590279 0.79514503479
11.2057290077 3.37870883942
12.0102751255 4.5666949749
11.9688718319 10.3264088631
1.38753318787 1.22292208672
0.46341586113 0.395462989807
2.69294595718 1.18913578987
11.0063028336 1.4771130085
9.4403231144 0.284078121185
11.8842699528 0.645233869553
9.2841489315 0.297688961029
52.2158520222 50.9601659775
10.133480072 0.971573114395
12.5646300316 6.01797008514
17.1849930286 2.14041209221
15.8691148758 6.66093993187
16.0542299747 1.50490689278
88.5353860855 22.3430581093
14.8479290009 1.80701804161
16.2328419685 1.44570088387
13.2327158451 0.850296974182
12.1789610386 0.257232904434
13.8847351074 1.26344799995
10.9190628529 0.690882921219
11.9443340302 0.572251081467
11.178071022 4.15432691574
11.9086289406 1.33445978165
11.8361668587 11.7851018906
13.4388709068 1.25009703636
13.6526069641 3.34772205353
11.9275989532 3.33004593849
1.85732698441 1.30559396744
1.04613089561 0.145250797272
0.759989023209 0.591533899307
2.70530700684 0.539964914322
12.8854849339 1.63437700272
14.4607470036 8.5899708271
14.1401689053 1.78601384163
11.9487638474 3.04125499725
13.7670049667 1.71542286873
13.1349380016 1.17490506172
12.3349368572 0.378067016602
12.3769338131 1.87915587425
15.4050250053 2.71197414398
13.0972309113 7.30993700027
12.9492740631 0.697728872299
11.6727781296 1.22255396843
11.3843979836 1.05193996429
11.0222330093 0.447894096375
10.0205991268 1.76643514633
48.1647999287 17.8728499413
10.180768013 1.35659384727
10.020113945 7.72090911865
58.2709209919 3.05059695244
12.1860098839 3.33496308327
62.1749658585 6.08685088158
11.6799209118 5.14497995377
10.0376420021 1.72302007675
0.855330944061 0.650372028351
1.11710000038 0.941900968552
0.44229388237 0.261304855347
2.64093899727 0.194254159927
9.25118994713 0.23863697052
46.6364040375 14.5588579178
10.8762969971 0.458849906921
11.6226801872 2.54176712036
14.4298579693 8.66624712944
13.9497551918 0.870068073273
77.5508041382 6.35134911537
12.4652209282 4.77850699425
13.0014541149 2.65701293945
14.56123209 7.93657708168
16.0028600693 6.63947606087
15.5635640621 13.763728857
17.850785017 1.01668000221
17.9196629524 1.79588389397
16.5963060856 1.5731921196
17.1154499054 1.65587091446
15.8796319962 0.931077003479
15.5794210434 0.797405004501
15.281594038 7.22399306297
15.1698908806 1.18589901924
14.7658541203 2.47864699364
13.5016701221 1.58321595192
12.793874979 2.65331721306
1.80157113075 0.474231958389
0.990324020386 0.565007925034
1.29580712318 0.588889122009
0.504490852356 0.375063896179
2.71913099289 1.55647587776
11.051197052 2.66799592972
15.7420010567 9.02394986153
18.8560831547 0.424849033356
15.554459095 6.63953399658
15.1118199825 0.594000101089
14.9603488445 6.28862595558
14.7068989277 5.93011283875
16.8702960014 1.93184614182
16.2869689465 12.7166759968
15.8961730003 1.56029891968
16.6001489162 2.02363300323
21.1784539223 0.808843851089
17.0237970352 6.78392004967
15.1976130009 6.97129201889
64.0203959942 7.94840908051
14.8840050697 4.51859688759
13.066024065 3.42169094086
11.2624950409 0.850284099579
10.5931990147 2.09492397308
8.60375499725 1.90004110336
38.1556680202 3.27779197693
7.63108706474 1.1861011982
8.18942403793 0.707601070404
1.22729110718 0.943522930145
1.60105109215 1.17946004868
0.811281919479 0.489408016205
0.828233003616 0.309190988541
0.571043014526 0.216002941132
3.25317311287 0.296554088593
10.3447790146 0.957967042923
12.0386331081 3.02262115479
14.0650289059 2.21835279465
14.3154489994 1.28408503532
15.2235150337 5.89539384842
15.2732510567 5.15176892281
16.6029491425 0.356995105743
16.7223529816 3.08681678772
17.3658101559 1.48908805847
19.5826849937 0.820295095444
18.3110799789 1.30472707748
16.9860742092 1.23596811295
14.8020260334 6.30421090126
80.124997139 9.95371603966
80.4869689941 72.6524629593
14.6306500435 14.5777359009
14.0891120434 3.50997781754
12.3728280067 0.977588891983
11.9959578514 2.74022889137
12.5557618141 2.0237698555
12.0771389008 1.19587993622
11.0529060364 1.10854315758
3.07806801796 2.3463549614
1.23032999039 0.77407002449
0.453206062317 0.204445123672
2.67839288712 0.093092918396
8.498898983 6.28881001472
13.3137011528 4.15422606468
14.9147911072 9.64231514931
15.3195810318 2.074696064
16.3899219036 0.465774774551
15.8993339539 5.93554902077
16.755849123 0.379625082016
16.8719670773 11.9923901558
17.2484669685 0.803748130798
90.7668540478 44.7938499451
18.626940012 1.71859002113
19.097566843 4.60264086723
20.302752018 1.88915395737
19.7611420155 18.6129219532
17.9532520771 0.826038122177
17.3985550404 3.26586890221
16.241243124 1.128480196
85.332285881 22.3378179073
14.6140568256 3.23841190338
13.349116087 1.66155600548
12.1001870632 2.18906903267
11.7183520794 1.17410612106
1.94021391869 1.48275995255
1.8799738884 1.05305886269
0.839161157608 0.399916172028
1.10113406181 0.623653173447
0.563946962357 0.184862852097
2.70554590225 1.19024682045
10.6362431049 0.420542001724
9.26638197899 0.540775060654
9.88467407227 0.620633125305
9.54085612297 2.08983016014
10.6444058418 2.61819291115
49.0983009338 2.79173994064
9.96835112572 1.44133615494
9.80537986755 1.68195199966
10.174020052 1.6786711216
10.1869821548 0.988009929657
56.8709771633 16.0596449375
10.4202198982 4.87425494194
